 ----------------   CP     1,     Type (3,-3)   ----------------
 Corresponding nucleus:    38(H )
 Position (Bohr):       -6.464907816348   -6.300676707094   -0.059120232807
 Position (Angstrom):   -3.421081887000   -3.334174526662   -0.031285079905
 Density of all electrons:  0.4349445611E+00
 Density of Alpha electrons:  0.2174722805E+00
 Density of Beta electrons:  0.2174722805E+00
 Spin density of electrons:  0.0000000000E+00
 Lagrangian kinetic energy G(r):  0.6208988098E-02
 G(r) in X,Y,Z:  0.2049469701E-02  0.1389412250E-02  0.2770106147E-02
 Hamiltonian kinetic energy K(r):  0.6464226054E+01
 Potential energy density V(r): -0.6470435042E+01
 Energy density E(r) or H(r): -0.6464226054E+01
 Laplacian of electron density: -0.2583206827E+02
 Electron localization function (ELF):  0.9999247529E+00
 Localized orbital locator (LOL):  0.9914134794E+00
 Local information entropy:  0.1333290816E-01
 Interaction region indicator (IRI):  0.9586562081E-14
 Reduced density gradient (RDG):  0.1000000000E+03
 Reduced density gradient with promolecular approximation:  0.1000000000E+03
 Sign(lambda2)*rho: -0.4349445611E+00
 Sign(lambda2)*rho with promolecular approximation: -0.2970842868E+00
 Corr. hole for alpha, ref.:   0.00000   0.00000   0.00000 : -0.1450786651E-03
 Source function, ref.:   0.00000   0.00000   0.00000 :  0.2277080360E+00
 Wavefunction value for orbital       1 :  0.2668981637E-04
 Average local ionization energy (ALIE):  0.6168837940E+00
 van der Waals potential (probe atom: C ):  0.5362116701E+27 kcal/mol
 Delta-g (under promolecular approximation):  0.1049553663E+00
 Delta-g (under Hirshfeld partition):  0.2016593501E+00
 User-defined real space function:  0.1000000000E+01
 ESP from nuclear charges:  0.5740781520E+02
 ESP from electrons: -0.2495308086E+02
 Total ESP:  0.3245473433E+02 a.u. ( 0.8831382E+03 eV, 0.2036567E+05 kcal/mol)

 Note: Below information is for electron density

 Components of gradient in x/y/z are:
 -0.3540900529E-14  0.1476715019E-14 -0.2015191663E-16
 Norm of gradient is:  0.3836544005E-14

 Components of Laplacian in x/y/z are:
 -0.8654225129E+01 -0.8312452120E+01 -0.8865391017E+01
 Total: -0.2583206827E+02

 Hessian matrix:
 -0.8654225129E+01  0.3477777095E+00  0.2880393858E-02
  0.3477777095E+00 -0.8312452120E+01  0.4611292051E-02
  0.2880393858E-02  0.4611292051E-02 -0.8865391017E+01
 Eigenvalues of Hessian: -0.8870832547E+01 -0.8865429418E+01 -0.8095806300E+01
 Eigenvectors (columns) of Hessian:
  0.8488281242E+00 -0.2624212902E-02 -0.5286623962E+00
 -0.5286672900E+00 -0.6688394417E-02 -0.8488027815E+00
 -0.1308463409E-02  0.9999741891E+00 -0.7064632810E-02
 Determinant of Hessian: -0.6366844843E+03
 Ellipticity of electron density:    0.000609
 eta index:   -1.095732
 Stiffness:   -1.095064

 Stress tensor:
 -0.2167655222E+01  0.8803300819E-01  0.7306717537E-03
  0.8803300819E-01 -0.2080891854E+01  0.1174277924E-02
  0.7306717537E-03  0.1174277924E-02 -0.2221887966E+01
 Eigenvalues of stress tensor: -0.2222415176E+01 -0.2221897737E+01 -0.2026122130E+01
 Eigenvectors (columns) of stress tensor:
  0.8491277455E+00 -0.3417620689E-02 -0.5281764778E+00
 -0.5281874054E+00 -0.6193962215E-02 -0.8491052347E+00
 -0.3695855284E-03  0.9999749770E+00 -0.7064609376E-02
 Stress tensor stiffness:    1.096881
 Stress tensor polarizability:    0.911676

 ----------------   CP     2,     Type (3,-3)   ----------------
 Corresponding nucleus:    37(H )
 Position (Bohr):       -1.859007449558   -6.373345114408   -0.047474966635
 Position (Angstrom):   -0.983744377205   -3.372628991764   -0.025122670431
 Density of all electrons:  0.4431585979E+00
 Density of Alpha electrons:  0.2215792989E+00
 Density of Beta electrons:  0.2215792989E+00
 Spin density of electrons:  0.0000000000E+00
 Lagrangian kinetic energy G(r):  0.6968215959E-02
 G(r) in X,Y,Z:  0.2401084420E-02  0.1309119451E-02  0.3258012088E-02
 Hamiltonian kinetic energy K(r):  0.6595159507E+01
 Potential energy density V(r): -0.6602127723E+01
 Energy density E(r) or H(r): -0.6595159507E+01
 Laplacian of electron density: -0.2635276517E+02
 Electron localization function (ELF):  0.9999109879E+00
 Localized orbital locator (LOL):  0.9906664150E+00
 Local information entropy:  0.1354324789E-01
 Interaction region indicator (IRI):  0.2228670935E-14
 Reduced density gradient (RDG):  0.1000000000E+03
 Reduced density gradient with promolecular approximation:  0.1000000000E+03
 Sign(lambda2)*rho: -0.4431585979E+00
 Sign(lambda2)*rho with promolecular approximation: -0.2981808104E+00
 Corr. hole for alpha, ref.:   0.00000   0.00000   0.00000 : -0.2858668058E-03
 Source function, ref.:   0.00000   0.00000   0.00000 :  0.3158689322E+00
 Wavefunction value for orbital       1 :  0.5897921149E-05
 Average local ionization energy (ALIE):  0.6244304522E+00
 van der Waals potential (probe atom: C ):  0.8188348659E+27 kcal/mol
 Delta-g (under promolecular approximation):  0.1060362488E+00
 Delta-g (under Hirshfeld partition):  0.2049201499E+00
 User-defined real space function:  0.1000000000E+01
 ESP from nuclear charges:  0.5991095827E+02
 ESP from electrons: -0.2624727421E+02
 Total ESP:  0.3366368406E+02 a.u. ( 0.9160354E+03 eV, 0.2112430E+05 kcal/mol)

 Note: Below information is for electron density

 Components of gradient in x/y/z are:
  0.6948482365E-15  0.5880427740E-15 -0.1815792133E-16
 Norm of gradient is:  0.9104603703E-15

 Components of Laplacian in x/y/z are:
 -0.8881976985E+01 -0.8439640698E+01 -0.9031147482E+01
 Total: -0.2635276517E+02

 Hessian matrix:
 -0.8881976985E+01 -0.3044500838E+00 -0.1021416625E-02
 -0.3044500838E+00 -0.8439640698E+01  0.1884576857E-02
 -0.1021416625E-02  0.1884576857E-02 -0.9031147482E+01
 Eigenvalues of Hessian: -0.9037114004E+01 -0.9031153135E+01 -0.8284498026E+01
 Eigenvectors (columns) of Hessian:
 -0.8909676005E+00 -0.6835409454E-02 -0.4540154315E+00
 -0.4539750043E+00 -0.6704054235E-02  0.8909891981E+00
 -0.9134020065E-02  0.9999541654E+00  0.2869990079E-02
 Determinant of Hessian: -0.6761439496E+03
 Ellipticity of electron density:    0.000660
 eta index:   -1.090846
 Stiffness:   -1.090127

 Stress tensor:
 -0.2225296415E+01 -0.7691087813E-01 -0.2411206004E-03
 -0.7691087813E-01 -0.2112528413E+01  0.4899442536E-03
 -0.2411206004E-03  0.4899442536E-03 -0.2264302895E+01
 Eigenvalues of stress tensor: -0.2264305893E+01 -0.2264275745E+01 -0.2073546085E+01
 Eigenvectors (columns) of stress tensor:
 -0.1933866236E+00  0.8707618373E+00 -0.4520790157E+00
 -0.1011458960E+00  0.4406281170E+00  0.8919733013E+00
  0.9758950361E+00  0.2182216422E+00  0.2862402431E-02
 Stress tensor stiffness:    1.091997
 Stress tensor polarizability:    0.915754

 ----------------   CP     3,     Type (3,-3)   ----------------
 Corresponding nucleus:    36(H )
 Position (Bohr):        1.839831585042   -6.375990197475   -0.071114639469
 Position (Angstrom):    0.973596946704   -3.374028709445   -0.037632246569
 Density of all electrons:  0.4431578159E+00
 Density of Alpha electrons:  0.2215789079E+00
 Density of Beta electrons:  0.2215789079E+00
 Spin density of electrons:  0.0000000000E+00
 Lagrangian kinetic energy G(r):  0.6968387861E-02
 G(r) in X,Y,Z:  0.2399872220E-02  0.1310636853E-02  0.3257878788E-02
 Hamiltonian kinetic energy K(r):  0.6595114643E+01
 Potential energy density V(r): -0.6602083030E+01
 Energy density E(r) or H(r): -0.6595114643E+01
 Laplacian of electron density: -0.2635258502E+02
 Electron localization function (ELF):  0.9999109830E+00
 Localized orbital locator (LOL):  0.9906661597E+00
 Local information entropy:  0.1354322790E-01
 Interaction region indicator (IRI):  0.1319390752E-14
 Reduced density gradient (RDG):  0.1000000000E+03
 Reduced density gradient with promolecular approximation:  0.1000000000E+03
 Sign(lambda2)*rho: -0.4431578159E+00
 Sign(lambda2)*rho with promolecular approximation: -0.2981808573E+00
 Corr. hole for alpha, ref.:   0.00000   0.00000   0.00000 : -0.2940484917E-03
 Source function, ref.:   0.00000   0.00000   0.00000 :  0.3159901098E+00
 Wavefunction value for orbital       1 : -0.7057114209E-05
 Average local ionization energy (ALIE):  0.6244315798E+00
 van der Waals potential (probe atom: C ):  0.8187398229E+27 kcal/mol
 Delta-g (under promolecular approximation):  0.1060369538E+00
 Delta-g (under Hirshfeld partition):  0.2049215646E+00
 User-defined real space function:  0.1000000000E+01
 ESP from nuclear charges:  0.5991064774E+02
 ESP from electrons: -0.2624729908E+02
 Total ESP:  0.3366334866E+02 a.u. ( 0.9160263E+03 eV, 0.2112409E+05 kcal/mol)

 Note: Below information is for electron density

 Components of gradient in x/y/z are:
 -0.3641850285E-15  0.3945817710E-15 -0.4684071669E-16
 Norm of gradient is:  0.5389986658E-15

 Components of Laplacian in x/y/z are:
 -0.8880978763E+01 -0.8440598992E+01 -0.9031007264E+01
 Total: -0.2635258502E+02

 Hessian matrix:
 -0.8880978763E+01  0.3051123041E+00  0.3637512197E-02
  0.3051123041E+00 -0.8440598992E+01  0.7137790001E-02
  0.3637512197E-02  0.7137790001E-02 -0.9031007264E+01
 Eigenvalues of Hessian: -0.9037056233E+01 -0.9031093204E+01 -0.8284435582E+01
 Eigenvectors (columns) of Hessian:
 -0.8902677067E+00 -0.6715442841E-02  0.4553880909E+00
  0.4554329710E+00 -0.8617188267E-02  0.8902283712E+00
 -0.2054112829E-02  0.9999403217E+00  0.1073003852E-01
 Determinant of Hessian: -0.6761300440E+03
 Ellipticity of electron density:    0.000660
 eta index:   -1.090848
 Stiffness:   -1.090128

 Stress tensor:
 -0.2225044435E+01  0.7707946322E-01  0.9356976510E-03
  0.7707946322E-01 -0.2112771022E+01  0.1825529006E-02
  0.9356976510E-03  0.1825529006E-02 -0.2264267573E+01
 Eigenvalues of stress tensor: -0.2264290960E+01 -0.2264261391E+01 -0.2073530680E+01
 Eigenvectors (columns) of stress tensor:
 -0.1933876071E+00  0.8700466463E+00  0.4534534889E+00
  0.8660336638E-01 -0.4452365413E+00  0.8912150578E+00
  0.9772927352E+00  0.2116205461E+00  0.1075426082E-01
 Stress tensor stiffness:    1.091998
 Stress tensor polarizability:    0.915753

 ----------------   CP     4,     Type (3,-3)   ----------------
 Corresponding nucleus:    29(O )
 Position (Bohr):      -10.781177292177   -4.285320919968   -0.051075754066
 Position (Angstrom):   -5.705153329725   -2.267694172253   -0.027028125082
 Density of all electrons:  0.3026589791E+03
 Density of Alpha electrons:  0.1513294895E+03
 Density of Beta electrons:  0.1513294895E+03
 Spin density of electrons:  0.0000000000E+00
 Lagrangian kinetic energy G(r):  0.7480040699E+02
 G(r) in X,Y,Z:  0.2782909322E+02  0.2480483532E+02  0.2216647844E+02
 Hamiltonian kinetic energy K(r):  0.1131877426E+07
 Potential energy density V(r): -0.1131952226E+07
 Energy density E(r) or H(r): -0.1131877426E+07
 Laplacian of electron density: -0.4527210503E+07
 Electron localization function (ELF):  0.9999963539E+00
 Localized orbital locator (LOL):  0.9980941694E+00
 Local information entropy: -0.6269419184E+00
 Interaction region indicator (IRI):  0.1377300123E-11
 Reduced density gradient (RDG):  0.1000000000E+03
 Reduced density gradient with promolecular approximation:  0.1000000000E+03
 Sign(lambda2)*rho: -0.3026589791E+03
 Sign(lambda2)*rho with promolecular approximation: -0.2923710706E+03
 Corr. hole for alpha, ref.:   0.00000   0.00000   0.00000 : -0.4719439641E-04
 Source function, ref.:   0.00000   0.00000   0.00000 :  0.3105258083E+05
 Wavefunction value for orbital       1 :  0.5696332101E+01
 Average local ionization energy (ALIE):  0.1832894996E+02
 van der Waals potential (probe atom: C ):  0.4490553662E+72 kcal/mol
 Delta-g (under promolecular approximation):  0.5857163152E-01
 Delta-g (under Hirshfeld partition):  0.9621430757E-01
 User-defined real space function:  0.1000000000E+01
 ESP from nuclear charges:  0.1332281734E+07
 ESP from electrons: -0.4261552716E+02
 Total ESP:  0.1332239118E+07 a.u. ( 0.3625207E+08 eV, 0.8359934E+09 kcal/mol)

 Note: Below information is for electron density

 Components of gradient in x/y/z are:
 -0.6316983135E-09  0.3816267484E-09  0.3911496049E-11
 Norm of gradient is:  0.7380359301E-09

 Components of Laplacian in x/y/z are:
 -0.1509058584E+07 -0.1509070107E+07 -0.1509081811E+07
 Total: -0.4527210503E+07

 Hessian matrix:
 -0.1509058584E+07 -0.1261594854E+02 -0.1131929948E+00
 -0.1261594854E+02 -0.1509070107E+07  0.1106064320E+00
 -0.1131929948E+00  0.1106064320E+00 -0.1509081811E+07
 Eigenvalues of Hessian: -0.1509081812E+07 -0.1509078215E+07 -0.1509050476E+07
 Eigenvectors (columns) of Hessian:
 -0.6247886858E-03  0.5406632454E+00 -0.8412388868E+00
 -0.1012210257E-01  0.8411925352E+00  0.5406409730E+00
  0.9999485750E+00  0.8852892664E-02  0.4947081249E-02
 Determinant of Hessian: -0.3436594582E+19
 Ellipticity of electron density:    0.000002
 eta index:   -1.000021
 Stiffness:   -1.000018

 Stress tensor:
 -0.3773203042E+06  0.3462749659E+01  0.3157927473E-01
  0.3462749659E+01 -0.3773171364E+06 -0.2174139520E-01
  0.3157927473E-01 -0.2174139520E-01 -0.3773147858E+06
 Eigenvalues of stress tensor: -0.3773225283E+06 -0.3773149125E+06 -0.3773147856E+06
 Eigenvectors (columns) of stress tensor:
 -0.8414050705E+00  0.5404038966E+00 -0.1065746643E-02
  0.5403822835E+00  0.8413500852E+00 -0.1081766615E-01
  0.4949242910E-02  0.9677949753E-02  0.9999409194E+00
 Stress tensor stiffness:    1.000021
 Stress tensor polarizability:    0.999979

 ----------------   CP     5,     Type (3,-3)   ----------------
 Corresponding nucleus:    35(H )
 Position (Bohr):        6.445833225587   -6.310575365341   -0.059107923723
 Position (Angstrom):    3.410988048262   -3.339412671024   -0.031278566218
 Density of all electrons:  0.4349463819E+00
 Density of Alpha electrons:  0.2174731910E+00
 Density of Beta electrons:  0.2174731910E+00
 Spin density of electrons:  0.0000000000E+00
 Lagrangian kinetic energy G(r):  0.6209159700E-02
 G(r) in X,Y,Z:  0.2051357139E-02  0.1387669134E-02  0.2770133427E-02
 Hamiltonian kinetic energy K(r):  0.6464267917E+01
 Potential energy density V(r): -0.6470477077E+01
 Energy density E(r) or H(r): -0.6464267917E+01
 Laplacian of electron density: -0.2583223503E+02
 Electron localization function (ELF):  0.9999247498E+00
 Localized orbital locator (LOL):  0.9914133035E+00
 Local information entropy:  0.1333295487E-01
 Interaction region indicator (IRI):  0.6563963333E-14
 Reduced density gradient (RDG):  0.1000000000E+03
 Reduced density gradient with promolecular approximation:  0.1000000000E+03
 Sign(lambda2)*rho: -0.4349463819E+00
 Sign(lambda2)*rho with promolecular approximation: -0.2970843197E+00
 Corr. hole for alpha, ref.:   0.00000   0.00000   0.00000 : -0.1462216720E-03
 Source function, ref.:   0.00000   0.00000   0.00000 :  0.2278793442E+00
 Wavefunction value for orbital       1 : -0.1382974280E-04
 Average local ionization energy (ALIE):  0.6168841476E+00
 van der Waals potential (probe atom: C ):  0.5362242293E+27 kcal/mol
 Delta-g (under promolecular approximation):  0.1049553757E+00
 Delta-g (under Hirshfeld partition):  0.2016600755E+00
 User-defined real space function:  0.1000000000E+01
 ESP from nuclear charges:  0.5740788884E+02
 ESP from electrons: -0.2495308870E+02
 Total ESP:  0.3245480014E+02 a.u. ( 0.8831400E+03 eV, 0.2036571E+05 kcal/mol)

 Note: Below information is for electron density

 Components of gradient in x/y/z are:
 -0.6389266905E-15 -0.2548023815E-14 -0.3366604259E-17
 Norm of gradient is:  0.2626911497E-14

 Components of Laplacian in x/y/z are:
 -0.8655354153E+01 -0.8311423081E+01 -0.8865457796E+01
 Total: -0.2583223503E+02

 Hessian matrix:
 -0.8655354153E+01 -0.3472513411E+00 -0.2501930812E-02
 -0.3472513411E+00 -0.8311423081E+01  0.3962666679E-02
 -0.2501930812E-02  0.3962666679E-02 -0.8865457796E+01
 Eigenvalues of Hessian: -0.8870888069E+01 -0.8865486092E+01 -0.8095860869E+01
 Eigenvectors (columns) of Hessian:
 -0.8496443494E+00 -0.2450130827E-02 -0.5273504304E+00
 -0.5273140285E+00 -0.8687308798E-02  0.8496260625E+00
 -0.6662951041E-02  0.9999592629E+00  0.6089134475E-02
 Determinant of Hessian: -0.6366968311E+03
 Ellipticity of electron density:    0.000609
 eta index:   -1.095731
 Stiffness:   -1.095064

 Stress tensor:
 -0.2167941253E+01 -0.8789950545E-01 -0.6317750654E-03
 -0.8789950545E-01 -0.2080631109E+01  0.1012046517E-02
 -0.6317750654E-03  0.1012046517E-02 -0.2221904716E+01
 Eigenvalues of stress tensor: -0.2222429411E+01 -0.2221911959E+01 -0.2026135707E+01
 Eigenvectors (columns) of stress tensor:
 -0.8499449638E+00 -0.2954881616E-02 -0.5268631959E+00
 -0.5268215431E+00 -0.9001458610E-02  0.8499282531E+00
 -0.7253974620E-02  0.9999551202E+00  0.6094049120E-02
 Stress tensor stiffness:    1.096881
 Stress tensor polarizability:    0.911676

 ----------------   CP     6,     Type (3,-3)   ----------------
 Corresponding nucleus:    15(C )
 Position (Bohr):       -5.419016177336   -4.570707866121   -0.044806454880
 Position (Angstrom):   -2.867619866561   -2.418714440446   -0.023710554824
 Density of all electrons:  0.1226280584E+03
 Density of Alpha electrons:  0.6131402922E+02
 Density of Beta electrons:  0.6131402922E+02
 Spin density of electrons:  0.0000000000E+00
 Lagrangian kinetic energy G(r):  0.8691322959E+01
 G(r) in X,Y,Z:  0.3242501822E+01  0.3245634159E+01  0.2203186978E+01
 Hamiltonian kinetic energy K(r):  0.2434295599E+06
 Potential energy density V(r): -0.2434382512E+06
 Energy density E(r) or H(r): -0.2434295599E+06
 Laplacian of electron density: -0.9736834743E+06
 Electron localization function (ELF):  0.9999989998E+00
 Localized orbital locator (LOL):  0.9990009204E+00
 Local information entropy:  0.2999246297E+00
 Interaction region indicator (IRI):  0.9734152610E-12
 Reduced density gradient (RDG):  0.1000000000E+03
 Reduced density gradient with promolecular approximation:  0.1000000000E+03
 Sign(lambda2)*rho: -0.1226280584E+03
 Sign(lambda2)*rho with promolecular approximation: -0.1213978871E+03
 Corr. hole for alpha, ref.:   0.00000   0.00000   0.00000 : -0.1113934411E-02
 Source function, ref.:   0.00000   0.00000   0.00000 :  0.1092950566E+05
 Wavefunction value for orbital       1 :  0.1836679405E-04
 Average local ionization energy (ALIE):  0.9973489362E+01
 van der Waals potential (probe atom: C ):  0.4928306823E+86 kcal/mol
 Delta-g (under promolecular approximation):  0.4651970719E-01
 Delta-g (under Hirshfeld partition):  0.6432453472E-01
 User-defined real space function:  0.1000000000E+01
 ESP from nuclear charges:  0.1376592445E+08
 ESP from electrons: -0.4052346210E+02
 Total ESP:  0.1376588392E+08 a.u. ( 0.3745888E+09 eV, 0.8638230E+10 kcal/mol)

 Note: Below information is for electron density

 Components of gradient in x/y/z are:
  0.1391673462E-09  0.1338398754E-09  0.9428021537E-12
 Norm of gradient is:  0.1930843116E-09

 Components of Laplacian in x/y/z are:
 -0.3245599780E+06 -0.3245599303E+06 -0.3245635660E+06
 Total: -0.9736834743E+06

 Hessian matrix:
 -0.3245599780E+06 -0.2578880840E-01  0.5642435861E-02
 -0.2578880840E-01 -0.3245599303E+06  0.2739795139E-01
  0.5642435861E-02  0.2739795139E-01 -0.3245635660E+06
 Eigenvalues of Hessian: -0.3245635662E+06 -0.3245599892E+06 -0.3245599189E+06
 Eigenvectors (columns) of Hessian:
 -0.1626678488E-02  0.9167746838E+00 -0.3994014686E+00
 -0.7546695944E-02  0.3993793689E+00  0.9167546930E+00
  0.9999702002E+00  0.4505426580E-02  0.6268957960E-02
 Determinant of Hessian: -0.3418925466E+17
 Ellipticity of electron density:    0.000011
 eta index:   -1.000011
 Stiffness:   -1.000000

 Stress tensor:
 -0.8114647951E+05  0.1230406876E-01 -0.1881550853E-02
  0.1230406876E-01 -0.8114647385E+05 -0.8899740319E-02
 -0.1881550853E-02 -0.8899740319E-02 -0.8114529788E+05
 Eigenvalues of stress tensor: -0.8114648932E+05 -0.8114646411E+05 -0.8114529781E+05
 Eigenvectors (columns) of stress tensor:
 -0.7816118156E+00  0.6237629172E+00 -0.1671169502E-02
  0.6237557530E+00  0.7815825174E+00 -0.7584790590E-02
  0.3424954239E-02  0.6970763535E-02  0.9999698386E+00
 Stress tensor stiffness:    1.000015
 Stress tensor polarizability:    0.999985

 ----------------   CP     7,     Type (3,-3)   ----------------
 Corresponding nucleus:    14(C )
 Position (Bohr):       -2.789641014104   -4.583068226401   -0.041411015541
 Position (Angstrom):   -1.476214451264   -2.425255261425   -0.021913765705
 Density of all electrons:  0.1225850435E+03
 Density of Alpha electrons:  0.6129252175E+02
 Density of Beta electrons:  0.6129252175E+02
 Spin density of electrons:  0.0000000000E+00
 Lagrangian kinetic energy G(r):  0.8742553316E+01
 G(r) in X,Y,Z:  0.3200776728E+01  0.3140923379E+01  0.2400853210E+01
 Hamiltonian kinetic energy K(r):  0.2433409110E+06
 Potential energy density V(r): -0.2433496536E+06
 Energy density E(r) or H(r): -0.2433409110E+06
 Laplacian of electron density: -0.9733286738E+06
 Electron localization function (ELF):  0.9999989868E+00
 Localized orbital locator (LOL):  0.9989944501E+00
 Local information entropy:  0.3000344604E+00
 Interaction region indicator (IRI):  0.4030048894E-12
 Reduced density gradient (RDG):  0.1000000000E+03
 Reduced density gradient with promolecular approximation:  0.1000000000E+03
 Sign(lambda2)*rho: -0.1225850435E+03
 Sign(lambda2)*rho with promolecular approximation: -0.1213978585E+03
 Corr. hole for alpha, ref.:   0.00000   0.00000   0.00000 : -0.1225938548E-01
 Source function, ref.:   0.00000   0.00000   0.00000 :  0.1443581959E+05
 Wavefunction value for orbital       1 : -0.2165168826E-05
 Average local ionization energy (ALIE):  0.9974663118E+01
 van der Waals potential (probe atom: C ):  0.3605849408E+90 kcal/mol
 Delta-g (under promolecular approximation):  0.4304124956E-01
 Delta-g (under Hirshfeld partition):  0.5985934907E-01
 User-defined real space function:  0.1000000000E+01
 ESP from nuclear charges:  0.2889553823E+08
 ESP from electrons: -0.4133298817E+02
 Total ESP:  0.2889549689E+08 a.u. ( 0.7862865E+09 eV, 0.1813221E+11 kcal/mol)

 Note: Below information is for electron density

 Components of gradient in x/y/z are:
  0.5548968990E-10  0.5749629754E-10 -0.6296267732E-12
 Norm of gradient is:  0.7990823703E-10

 Components of Laplacian in x/y/z are:
 -0.3244419452E+06 -0.3244421554E+06 -0.3244445731E+06
 Total: -0.9733286738E+06

 Hessian matrix:
 -0.3244419452E+06  0.2379580260E-01 -0.3732478632E-03
  0.2379580260E-01 -0.3244421554E+06  0.4204805278E-02
 -0.3732478632E-03  0.4204805278E-02 -0.3244445731E+06
 Eigenvalues of Hessian: -0.3244445731E+06 -0.3244421581E+06 -0.3244419426E+06
 Eigenvectors (columns) of Hessian:
  0.1577954344E-03 -0.1110902329E+00  0.9938103115E+00
 -0.1740743369E-02  0.9938087876E+00  0.1110903390E+00
  0.9999984725E+00  0.1747498258E-02  0.3656109697E-04
 Determinant of Hessian: -0.3415189361E+17
 Ellipticity of electron density:    0.000007
 eta index:   -1.000008
 Stiffness:   -1.000001

 Stress tensor:
 -0.8111688786E+05 -0.2092253168E-01 -0.3956744582E-03
 -0.2092253168E-01 -0.8111682071E+05 -0.2298426853E-02
 -0.3956744582E-03 -0.2298426853E-02 -0.8111594498E+05
 Eigenvalues of stress tensor: -0.8111689385E+05 -0.8111681473E+05 -0.8111594498E+05
 Eigenvectors (columns) of stress tensor:
 -0.9614249705E+00 -0.2750670742E+00 -0.3615947777E-03
 -0.2750652416E+00  0.9614220040E+00 -0.2615937775E-02
 -0.1067203526E-02  0.2415565743E-02  0.9999965131E+00
 Stress tensor stiffness:    1.000012
 Stress tensor polarizability:    0.999988

 ----------------   CP     8,     Type (3,-3)   ----------------
 Corresponding nucleus:    13(C )
 Position (Bohr):        2.773218883055   -4.587267228121   -0.049863857258
 Position (Angstrom):    1.467524233759   -2.427477277444   -0.026386816909
 Density of all electrons:  0.1225850356E+03
 Density of Alpha electrons:  0.6129251781E+02
 Density of Beta electrons:  0.6129251781E+02
 Spin density of electrons:  0.0000000000E+00
 Lagrangian kinetic energy G(r):  0.8742559454E+01
 G(r) in X,Y,Z:  0.3200725788E+01  0.3140860389E+01  0.2400973277E+01
 Hamiltonian kinetic energy K(r):  0.2433408843E+06
 Potential energy density V(r): -0.2433496268E+06
 Energy density E(r) or H(r): -0.2433408843E+06
 Laplacian of electron density: -0.9733285668E+06
 Electron localization function (ELF):  0.9999989868E+00
 Localized orbital locator (LOL):  0.9989944493E+00
 Local information entropy:  0.3000344805E+00
 Interaction region indicator (IRI):  0.3486559112E-12
 Reduced density gradient (RDG):  0.1000000000E+03
 Reduced density gradient with promolecular approximation:  0.1000000000E+03
 Sign(lambda2)*rho: -0.1225850356E+03
 Sign(lambda2)*rho with promolecular approximation: -0.1213978585E+03
 Corr. hole for alpha, ref.:   0.00000   0.00000   0.00000 : -0.1247402024E-01
 Source function, ref.:   0.00000   0.00000   0.00000 :  0.1444889248E+05
 Wavefunction value for orbital       1 : -0.2496647414E-05
 Average local ionization energy (ALIE):  0.9974663296E+01
 van der Waals potential (probe atom: C ):  0.3618624330E+90 kcal/mol
 Delta-g (under promolecular approximation):  0.4304079593E-01
 Delta-g (under Hirshfeld partition):  0.5985845740E-01
 User-defined real space function:  0.1000000000E+01
 ESP from nuclear charges:  0.2890405540E+08
 ESP from electrons: -0.4133298842E+02
 Total ESP:  0.2890401407E+08 a.u. ( 0.7865182E+09 eV, 0.1813756E+11 kcal/mol)

 Note: Below information is for electron density

 Components of gradient in x/y/z are:
  0.1698043821E-10 -0.6701375452E-10 -0.1880514414E-12
 Norm of gradient is:  0.6913185908E-10

 Components of Laplacian in x/y/z are:
 -0.3244419097E+06 -0.3244421201E+06 -0.3244445370E+06
 Total: -0.9733285668E+06

 Hessian matrix:
 -0.3244419097E+06 -0.2409363661E-01 -0.1062784997E-02
 -0.2409363661E-01 -0.3244421201E+06  0.3258489310E-01
 -0.1062784997E-02  0.3258489310E-01 -0.3244445370E+06
 Eigenvalues of Hessian: -0.3244445375E+06 -0.3244421224E+06 -0.3244419069E+06
 Eigenvectors (columns) of Hessian:
  0.2808500582E-03  0.1126116532E+00  0.9936390374E+00
 -0.1347528604E-01  0.9935492845E+00 -0.1125976725E+00
  0.9999091648E+00  0.1335794719E-01 -0.1796512613E-02
 Determinant of Hessian: -0.3415188234E+17
 Ellipticity of electron density:    0.000007
 eta index:   -1.000008
 Stiffness:   -1.000001

 Stress tensor:
 -0.8111687887E+05  0.2102732634E-01  0.2699224566E-04
  0.2102732634E-01 -0.8111681174E+05 -0.1104250124E-01
  0.2699224566E-04 -0.1104250124E-01 -0.8111593621E+05
 Eigenvalues of stress tensor: -0.8111688492E+05 -0.8111680583E+05 -0.8111593607E+05
 Eigenvectors (columns) of stress tensor:
 -0.9609774440E+00  0.2766266223E+00 -0.2527330118E-03
  0.2766076820E+00  0.9609001212E+00 -0.1261536429E-01
  0.3246894430E-02  0.1219298842E-01  0.9999203912E+00
 Stress tensor stiffness:    1.000012
 Stress tensor polarizability:    0.999988

 ----------------   CP     9,     Type (3,-3)   ----------------
 Corresponding nucleus:    12(C )
 Position (Bohr):        5.402611332836   -4.578980867793   -0.046644263757
 Position (Angstrom):    2.858938796703   -2.423092324397   -0.024683081399
 Density of all electrons:  0.1226280510E+03
 Density of Alpha electrons:  0.6131402552E+02
 Density of Beta electrons:  0.6131402552E+02
 Spin density of electrons:  0.0000000000E+00
 Lagrangian kinetic energy G(r):  0.8691331842E+01
 G(r) in X,Y,Z:  0.3242546707E+01  0.3245590307E+01  0.2203194829E+01
 Hamiltonian kinetic energy K(r):  0.2434295250E+06
 Potential energy density V(r): -0.2434382163E+06
 Energy density E(r) or H(r): -0.2434295250E+06
 Laplacian of electron density: -0.9736833346E+06
 Electron localization function (ELF):  0.9999989998E+00
 Localized orbital locator (LOL):  0.9990009193E+00
 Local information entropy:  0.2999246486E+00
 Interaction region indicator (IRI):  0.7097726975E-12
 Reduced density gradient (RDG):  0.1000000000E+03
 Reduced density gradient with promolecular approximation:  0.1000000000E+03
 Sign(lambda2)*rho: -0.1226280510E+03
 Sign(lambda2)*rho with promolecular approximation: -0.1213978864E+03
 Corr. hole for alpha, ref.:   0.00000   0.00000   0.00000 : -0.1136484986E-02
 Source function, ref.:   0.00000   0.00000   0.00000 :  0.1094057494E+05
 Wavefunction value for orbital       1 : -0.1660815360E-04
 Average local ionization energy (ALIE):  0.9973489668E+01
 van der Waals potential (probe atom: C ):  0.4855262442E+86 kcal/mol
 Delta-g (under promolecular approximation):  0.4651824613E-01
 Delta-g (under Hirshfeld partition):  0.6432303310E-01
 User-defined real space function:  0.1000000000E+01
 ESP from nuclear charges:  0.1374880535E+08
 ESP from electrons: -0.4052347724E+02
 Total ESP:  0.1374876483E+08 a.u. ( 0.3741229E+09 eV, 0.8627487E+10 kcal/mol)

 Note: Below information is for electron density

 Components of gradient in x/y/z are:
  0.2197701239E-10  0.1390594186E-09  0.9871115367E-12
 Norm of gradient is:  0.1407887970E-09

 Components of Laplacian in x/y/z are:
 -0.3245599314E+06 -0.3245598838E+06 -0.3245635193E+06
 Total: -0.9736833346E+06

 Hessian matrix:
 -0.3245599314E+06  0.2577975909E-01  0.5478213249E-02
  0.2577975909E-01 -0.3245598838E+06  0.2819399507E-01
  0.5478213249E-02  0.2819399507E-01 -0.3245635193E+06
 Eigenvalues of Hessian: -0.3245635195E+06 -0.3245599427E+06 -0.3245598723E+06
 Eigenvectors (columns) of Hessian:
 -0.1471080940E-02  0.9163668562E+00  0.4003368842E+00
 -0.7744037136E-02 -0.4003357524E+00  0.9163358092E+00
  0.9999689324E+00 -0.1752219554E-02  0.7685305259E-02
 Determinant of Hessian: -0.3418923994E+17
 Ellipticity of electron density:    0.000011
 eta index:   -1.000011
 Stiffness:   -1.000000

 Stress tensor:
 -0.8114646795E+05 -0.1229029311E-01 -0.1889505086E-02
 -0.1229029311E-01 -0.8114646214E+05 -0.9091263894E-02
 -0.1889505086E-02 -0.9091263894E-02 -0.8114528622E+05
 Eigenvalues of stress tensor: -0.8114647772E+05 -0.8114645244E+05 -0.8114528615E+05
 Eigenvectors (columns) of stress tensor:
 -0.7834124770E+00 -0.6215002694E+00 -0.1518551030E-02
 -0.6214733135E+00  0.7833973482E+00 -0.7714628636E-02
 -0.5984272626E-02  0.5099997389E-02  0.9999690888E+00
 Stress tensor stiffness:    1.000015
 Stress tensor polarizability:    0.999985

 ----------------   CP    10,     Type (3,-3)   ----------------
 Corresponding nucleus:    21(C )
 Position (Bohr):       -9.522042849428   -2.354426169256   -0.031479419955
 Position (Angstrom):   -5.038848077159   -1.245908673524   -0.016658191653
 Density of all electrons:  0.1226717665E+03
 Density of Alpha electrons:  0.6133588325E+02
 Density of Beta electrons:  0.6133588325E+02
 Spin density of electrons:  0.0000000000E+00
 Lagrangian kinetic energy G(r):  0.8222938536E+01
 G(r) in X,Y,Z:  0.3183148919E+01  0.2966201667E+01  0.2073587950E+01
 Hamiltonian kinetic energy K(r):  0.2435419981E+06
 Potential energy density V(r): -0.2435502211E+06
 Energy density E(r) or H(r): -0.2435419981E+06
 Laplacian of electron density: -0.9741351008E+06
 Electron localization function (ELF):  0.9999991058E+00
 Localized orbital locator (LOL):  0.9990552717E+00
 Local information entropy:  0.2998129520E+00
 Interaction region indicator (IRI):  0.1386259078E-11
 Reduced density gradient (RDG):  0.1000000000E+03
 Reduced density gradient with promolecular approximation:  0.1000000000E+03
 Sign(lambda2)*rho: -0.1226717665E+03
 Sign(lambda2)*rho with promolecular approximation: -0.1213925428E+03
 Corr. hole for alpha, ref.:   0.00000   0.00000   0.00000 : -0.2876403396E-03
 Source function, ref.:   0.00000   0.00000   0.00000 :  0.7902983322E+04
 Wavefunction value for orbital       1 :  0.9146693154E-04
 Average local ionization energy (ALIE):  0.1006877958E+02
 van der Waals potential (probe atom: C ):  0.1336303407E+78 kcal/mol
 Delta-g (under promolecular approximation):  0.5219342162E-01
 Delta-g (under Hirshfeld partition):  0.6822468979E-01
 User-defined real space function:  0.1000000000E+01
 ESP from nuclear charges:  0.2660170149E+07
 ESP from electrons: -0.4058532162E+02
 Total ESP:  0.2660129564E+07 a.u. ( 0.7238581E+08 eV, 0.1669258E+10 kcal/mol)

 Note: Below information is for electron density

 Components of gradient in x/y/z are:
 -0.2723260030E-09  0.3884713892E-10 -0.1072779388E-12
 Norm of gradient is:  0.2750828305E-09

 Components of Laplacian in x/y/z are:
 -0.3247101179E+06 -0.3247110409E+06 -0.3247139420E+06
 Total: -0.9741351008E+06

 Hessian matrix:
 -0.3247101179E+06  0.6894440264E+00  0.8846447311E-02
  0.6894440264E+00 -0.3247110409E+06  0.2883974213E-01
  0.8846447311E-02  0.2883974213E-01 -0.3247139420E+06
 Eigenvalues of Hessian: -0.3247139423E+06 -0.3247114089E+06 -0.3247097497E+06
 Eigenvectors (columns) of Hessian:
 -0.5445241388E-03  0.4711086976E+00  0.8820749960E+00
 -0.9810157521E-02 -0.8820351972E+00  0.4710813854E+00
  0.9999517310E+00 -0.8396779471E-02  0.5101939989E-02
 Determinant of Hessian: -0.3423685104E+17
 Ellipticity of electron density:    0.000008
 eta index:   -1.000013
 Stiffness:   -1.000005

 Stress tensor:
 -0.8118389578E+05 -0.2695487926E+00 -0.3341891456E-02
 -0.2695487926E+00 -0.8118369263E+05 -0.1053608749E-01
 -0.3341891456E-02 -0.1053608749E-01 -0.8118263268E+05
 Eigenvalues of stress tensor: -0.8118408231E+05 -0.8118350621E+05 -0.8118263257E+05
 Eigenvectors (columns) of stress tensor:
 -0.8223246347E+00 -0.5690183542E+00 -0.5547819562E-03
 -0.5689866606E+00  0.8222883846E+00 -0.9797585750E-02
 -0.6031196877E-02  0.7741132589E-02  0.9999518486E+00
 Stress tensor stiffness:    1.000018
 Stress tensor polarizability:    0.999982

 ----------------   CP    11,     Type (3,-3)   ----------------
 Corresponding nucleus:    16(C )
 Position (Bohr):       -6.731959347482   -2.314267834818   -0.030451708520
 Position (Angstrom):   -3.562399471413   -1.224657798112   -0.016114350182
 Density of all electrons:  0.1225716988E+03
 Density of Alpha electrons:  0.6128584941E+02
 Density of Beta electrons:  0.6128584941E+02
 Spin density of electrons:  0.0000000000E+00
 Lagrangian kinetic energy G(r):  0.8809160566E+01
 G(r) in X,Y,Z:  0.3024856009E+01  0.3234660331E+01  0.2549644227E+01
 Hamiltonian kinetic energy K(r):  0.2433245993E+06
 Potential energy density V(r): -0.2433334085E+06
 Energy density E(r) or H(r): -0.2433245993E+06
 Laplacian of electron density: -0.9732631605E+06
 Electron localization function (ELF):  0.9999989710E+00
 Localized orbital locator (LOL):  0.9989866132E+00
 Local information entropy:  0.3000685182E+00
 Interaction region indicator (IRI):  0.6744589181E-12
 Reduced density gradient (RDG):  0.1000000000E+03
 Reduced density gradient with promolecular approximation:  0.1000000000E+03
 Sign(lambda2)*rho: -0.1225716988E+03
 Sign(lambda2)*rho with promolecular approximation: -0.1213980281E+03
 Corr. hole for alpha, ref.:   0.00000   0.00000   0.00000 : -0.1599993831E-02
 Source function, ref.:   0.00000   0.00000   0.00000 :  0.1087975430E+05
 Wavefunction value for orbital       1 :  0.7185108280E-04
 Average local ionization energy (ALIE):  0.9980063318E+01
 van der Waals potential (probe atom: C ):  0.4554649773E+82 kcal/mol
 Delta-g (under promolecular approximation):  0.3672689847E-01
 Delta-g (under Hirshfeld partition):  0.5073874752E-01
 User-defined real space function:  0.1000000000E+01
 ESP from nuclear charges:  0.6347746862E+07
 ESP from electrons: -0.4289999923E+02
 Total ESP:  0.6347703962E+07 a.u. ( 0.1727298E+09 eV, 0.3983248E+10 kcal/mol)

 Note: Below information is for electron density

 Components of gradient in x/y/z are:
 -0.1337032267E-09  0.1864382910E-11 -0.2261597370E-12
 Norm of gradient is:  0.1337164159E-09

 Components of Laplacian in x/y/z are:
 -0.3244208347E+06 -0.3244200806E+06 -0.3244222453E+06
 Total: -0.9732631605E+06

 Hessian matrix:
 -0.3244208347E+06 -0.1822543887E+00 -0.3253706979E-02
 -0.1822543887E+00 -0.3244200806E+06  0.1621507076E-01
 -0.3253706979E-02  0.1621507076E-01 -0.3244222453E+06
 Eigenvalues of Hessian: -0.3244222454E+06 -0.3244208764E+06 -0.3244200387E+06
 Eigenvectors (columns) of Hessian:
  0.1353385650E-02  0.9747665064E+00 -0.2232228176E+00
 -0.7375993925E-02  0.2232266804E+00  0.9747386541E+00
  0.9999718811E+00  0.3272928396E-03  0.7491983616E-02
 Determinant of Hessian: -0.3414499794E+17
 Ellipticity of electron density:    0.000004
 eta index:   -1.000007
 Stiffness:   -1.000003

 Stress tensor:
 -0.8111125838E+05  0.5404753304E-01  0.5408456770E-03
  0.5404753304E-01 -0.8111148946E+05 -0.6182446380E-02
  0.5408456770E-03 -0.6182446380E-02 -0.8111066061E+05
 Eigenvalues of stress tensor: -0.8111150152E+05 -0.8111124636E+05 -0.8111066057E+05
 Eigenvectors (columns) of stress tensor:
  0.2169968801E+00 -0.9761722698E+00  0.2317404756E-03
 -0.9761448798E+00 -0.2169925585E+00 -0.7443336837E-02
 -0.7316264974E-02 -0.1388968593E-02  0.9999722711E+00
 Stress tensor stiffness:    1.000010
 Stress tensor polarizability:    0.999990

 ----------------   CP    12,     Type (3,-3)   ----------------
 Corresponding nucleus:    28(O )
 Position (Bohr):       10.765205880019   -4.301944617230   -0.038017108219
 Position (Angstrom):    5.696701622385   -2.276491054005   -0.020117787294
 Density of all electrons:  0.3026589661E+03
 Density of Alpha electrons:  0.1513294831E+03
 Density of Beta electrons:  0.1513294831E+03
 Spin density of electrons:  0.0000000000E+00
 Lagrangian kinetic energy G(r):  0.7480030795E+02
 G(r) in X,Y,Z:  0.2783919258E+02  0.2479482368E+02  0.2216629169E+02
 Hamiltonian kinetic energy K(r):  0.1131877321E+07
 Potential energy density V(r): -0.1131952122E+07
 Energy density E(r) or H(r): -0.1131877321E+07
 Laplacian of electron density: -0.4527210084E+07
 Electron localization function (ELF):  0.9999963539E+00
 Localized orbital locator (LOL):  0.9980941718E+00
 Local information entropy: -0.6269418269E+00
 Interaction region indicator (IRI):  0.1806660132E-11
 Reduced density gradient (RDG):  0.1000000000E+03
 Reduced density gradient with promolecular approximation:  0.1000000000E+03
 Sign(lambda2)*rho: -0.3026589661E+03
 Sign(lambda2)*rho with promolecular approximation: -0.2923710711E+03
 Corr. hole for alpha, ref.:   0.00000   0.00000   0.00000 : -0.5373582051E-04
 Source function, ref.:   0.00000   0.00000   0.00000 :  0.3107596727E+05
 Wavefunction value for orbital       1 : -0.2969237705E+01
 Average local ionization energy (ALIE):  0.1832894968E+02
 van der Waals potential (probe atom: C ):  0.4491564157E+72 kcal/mol
 Delta-g (under promolecular approximation):  0.5857170104E-01
 Delta-g (under Hirshfeld partition):  0.9621442963E-01
 User-defined real space function:  0.1000000000E+01
 ESP from nuclear charges:  0.1332306714E+07
 ESP from electrons: -0.4261553798E+02
 Total ESP:  0.1332264099E+07 a.u. ( 0.3625275E+08 eV, 0.8360090E+09 kcal/mol)

 Note: Below information is for electron density

 Components of gradient in x/y/z are:
  0.8734452109E-09 -0.4175268812E-09 -0.2135366924E-11
 Norm of gradient is:  0.9681114567E-09

 Components of Laplacian in x/y/z are:
 -0.1509058406E+07 -0.1509070006E+07 -0.1509081673E+07
 Total: -0.4527210084E+07

 Hessian matrix:
 -0.1509058406E+07  0.1259865415E+02  0.7827191686E-01
  0.1259865415E+02 -0.1509070006E+07  0.6824313522E-01
  0.7827191686E-01  0.6824313522E-01 -0.1509081673E+07
 Eigenvalues of Hessian: -0.1509081673E+07 -0.1509078075E+07 -0.1509050336E+07
 Eigenvectors (columns) of Hessian:
 -0.4742083533E-03  0.5393752076E+00  0.8420654135E+00
 -0.5336870244E-02 -0.8420548812E+00  0.5393654558E+00
  0.9999856464E+00 -0.4238222244E-02  0.3277884954E-02
 Determinant of Hessian: -0.3436593630E+19
 Ellipticity of electron density:    0.000002
 eta index:   -1.000021
 Stiffness:   -1.000018

 Stress tensor:
 -0.3773202799E+06 -0.3457968794E+01 -0.2127073954E-01
 -0.3457968794E+01 -0.3773170911E+06 -0.1378047195E-01
 -0.2127073954E-01 -0.1378047195E-01 -0.3773147508E+06
 Eigenvalues of stress tensor: -0.3773224934E+06 -0.3773148776E+06 -0.3773147507E+06
 Eigenvectors (columns) of stress tensor:
 -0.8422307367E+00 -0.5391128772E+00 -0.2166076743E-02
 -0.5391072915E+00  0.8422328091E+00 -0.2687667653E-02
 -0.3273297141E-02  0.1095888541E-02  0.9999940423E+00
