 ----------------   CP     1,     Type (3,-1)   ----------------
 Connected atoms:    46(H   --    15(C 
 Position (Bohr):       -6.093536007272   -5.758695602940   -0.378141585870
 Position (Angstrom):   -3.224560388865   -3.047370477603   -0.200103909737
 Density of all electrons:  0.2890023605E+00
 Density of Alpha electrons:  0.1445011802E+00
 Density of Beta electrons:  0.1445011802E+00
 Spin density of electrons:  0.0000000000E+00
 Lagrangian kinetic energy G(r):  0.3364944241E-01
 G(r) in X,Y,Z:  0.1212661482E-01  0.6412089106E-02  0.1511073848E-01
 Hamiltonian kinetic energy K(r):  0.2966836585E+00
 Potential energy density V(r): -0.3303331009E+00
 Energy density E(r) or H(r): -0.2966836585E+00
 Laplacian of electron density: -0.1052136864E+01
 Electron localization function (ELF):  0.9914621569E+00
 Localized orbital locator (LOL):  0.9151057543E+00
 Local information entropy:  0.7097185817E-02
 Interaction region indicator (IRI):  0.9424329043E-15
 Reduced density gradient (RDG):  0.1000000000E+03
 Reduced density gradient with promolecular approximation:  0.1000000000E+03
 Sign(lambda2)*rho: -0.2890023605E+00
 Sign(lambda2)*rho with promolecular approximation: -0.1795042001E+00
 Corr. hole for alpha, ref.:   0.00000   0.00000   0.00000 : -0.5595386099E-04
 Source function, ref.:   0.00000   0.00000   0.00000 :  0.9976144420E-02
 Wavefunction value for orbital       1 :  0.2380833314E-05
 Average local ionization energy (ALIE):  0.6313608712E+00
 van der Waals potential (probe atom: C ):  0.1570907542E+11 kcal/mol
 Delta-g (under promolecular approximation):  0.3130773368E+00
 Delta-g (under Hirshfeld partition):  0.5466132275E+00
 User-defined real space function:  0.1000000000E+01
 ESP from nuclear charges:  0.3394500278E+02
 ESP from electrons: -0.3307474616E+02
 Total ESP:  0.8702566238E+00 a.u. ( 0.2368089E+02 eV, 0.5460947E+03 kcal/mol)

 Note: Below information is for electron density

 Components of gradient in x/y/z are:
 -0.1181265813E-15  0.2090603865E-15 -0.1462614640E-16
 Norm of gradient is:  0.2405702778E-15

 Components of Laplacian in x/y/z are:
 -0.4386738218E+00  0.1795583321E+00 -0.7930213746E+00
 Total: -0.1052136864E+01

 Hessian matrix:
 -0.4386738218E+00  0.5928511768E+00  0.4493417904E-02
  0.5928511768E+00  0.1795583321E+00  0.7346882850E-02
  0.4493417904E-02  0.7346882850E-02 -0.7930213746E+00
 Eigenvalues of Hessian: -0.7981574402E+00 -0.7930768364E+00  0.5390974123E+00
 Eigenvectors (columns) of Hessian:
  0.8550866240E+00  0.2193884837E-02 -0.5184805226E+00
 -0.5184446008E+00 -0.8890509305E-02 -0.8550650003E+00
 -0.6485470049E-02  0.9999580720E+00 -0.6464747839E-02
 Determinant of Hessian:  0.3412487578E+00
 Ellipticity of electron density:    0.006406
 eta index:    1.480544
 Stiffness:    1.471120

 Stress tensor:
 -0.1339216851E+00  0.1592699364E+00  0.1207846357E-02
  0.1592699364E+00  0.3206540482E-01  0.1964093811E-02
  0.1207846357E-02  0.1964093811E-02 -0.2284768206E+00
 Eigenvalues of stress tensor: -0.2305245670E+00 -0.2284916072E+00  0.1286830733E+00
 Eigenvectors (columns) of stress tensor:
  0.8550204617E+00  0.2605384619E-02 -0.5185877188E+00
 -0.5185475236E+00 -0.9130303965E-02 -0.8550000604E+00
 -0.6962467512E-02  0.9999549237E+00 -0.6455580969E-02
 Stress tensor stiffness:    1.791413
 Stress tensor polarizability:    0.558218

 ----------------   CP     2,     Type (3,-1)   ----------------
 Connected atoms:    45(H   --    14(C 
 Position (Bohr):       -2.166442435266   -5.779223122631   -0.387995856947
 Position (Angstrom):   -1.146431965476   -3.058233173220   -0.205318565421
 Density of all electrons:  0.2880472764E+00
 Density of Alpha electrons:  0.1440236382E+00
 Density of Beta electrons:  0.1440236382E+00
 Spin density of electrons:  0.0000000000E+00
 Lagrangian kinetic energy G(r):  0.3854761767E-01
 G(r) in X,Y,Z:  0.1425470939E-01  0.6044729580E-02  0.1824817870E-01
 Hamiltonian kinetic energy K(r):  0.2968084293E+00
 Potential energy density V(r): -0.3353560470E+00
 Energy density E(r) or H(r): -0.2968084293E+00
 Laplacian of electron density: -0.1033043247E+01
 Electron localization function (ELF):  0.9887036852E+00
 Localized orbital locator (LOL):  0.9034551195E+00
 Local information entropy:  0.7077136676E-02
 Interaction region indicator (IRI):  0.3222087795E-14
 Reduced density gradient (RDG):  0.1000000000E+03
 Reduced density gradient with promolecular approximation:  0.1000000000E+03
 Sign(lambda2)*rho: -0.2880472764E+00
 Sign(lambda2)*rho with promolecular approximation: -0.1816241993E+00
 Corr. hole for alpha, ref.:   0.00000   0.00000   0.00000 : -0.9478704692E-04
 Source function, ref.:   0.00000   0.00000   0.00000 :  0.1329322026E-01
 Wavefunction value for orbital       1 :  0.2650018217E-05
 Average local ionization energy (ALIE):  0.6421570986E+00
 van der Waals potential (probe atom: C ):  0.1127990555E+11 kcal/mol
 Delta-g (under promolecular approximation):  0.3011644459E+00
 Delta-g (under Hirshfeld partition):  0.5342571296E+00
 User-defined real space function:  0.1000000000E+01
 ESP from nuclear charges:  0.3456932211E+02
 ESP from electrons: -0.3368921764E+02
 Total ESP:  0.8801044703E+00 a.u. ( 0.2394886E+02 eV, 0.5522744E+03 kcal/mol)

 Note: Below information is for electron density

 Components of gradient in x/y/z are:
  0.4313951018E-15 -0.6964222228E-15 -0.2168311031E-16
 Norm of gradient is:  0.8194972871E-15

 Components of Laplacian in x/y/z are:
 -0.5042161498E+00  0.2401811039E+00 -0.7690082007E+00
 Total: -0.1033043247E+01

 Hessian matrix:
 -0.5042161498E+00 -0.5302671939E+00 -0.4599748481E-02
 -0.5302671939E+00  0.2401811039E+00  0.8592627124E-02
 -0.4599748481E-02  0.8592627124E-02 -0.7690082007E+00
 Eigenvalues of Hessian: -0.7798730510E+00 -0.7690808283E+00  0.5159106326E+00
 Eigenvectors (columns) of Hessian:
 -0.8872587874E+00 -0.6199228870E-02 -0.4612303260E+00
 -0.4611424958E+00 -0.1177010061E-01  0.8872480280E+00
 -0.1092898093E-01  0.9999115132E+00  0.7584397326E-02
 Determinant of Hessian:  0.3094356713E+00
 Ellipticity of electron density:    0.014033
 eta index:    1.511644
 Stiffness:    1.490725

 Stress tensor:
 -0.1545634562E+00 -0.1433813933E+00 -0.1219209905E-02
 -0.1433813933E+00  0.4795581681E-01  0.2403231336E-02
 -0.1219209905E-02  0.2403231336E-02 -0.2287484076E+00
 Eigenvalues of stress tensor: -0.2288435353E+00 -0.2287621061E+00  0.1222495944E+00
 Eigenvectors (columns) of stress tensor:
  0.8479410986E+00  0.2635222519E+00  0.4599477319E+00
  0.4417750508E+00  0.1282406248E+00 -0.8879128035E+00
 -0.2929687660E+00  0.9560911907E+00 -0.7677059950E-02
 Stress tensor stiffness:    1.871937
 Stress tensor polarizability:    0.534206

 ----------------   CP     3,     Type (3,-1)   ----------------
 Connected atoms:    45(H   --    44(H 
 Position (Bohr):        0.019770156354   -5.948447578964   -0.381292854117
 Position (Angstrom):    0.010461916198   -3.147782899039   -0.201771489079
 Density of all electrons:  0.1405015720E-01
 Density of Alpha electrons:  0.7025078601E-02
 Density of Beta electrons:  0.7025078601E-02
 Spin density of electrons:  0.0000000000E+00
 Lagrangian kinetic energy G(r):  0.1085608570E-01
 G(r) in X,Y,Z:  0.9764811428E-02  0.7989088452E-03  0.2923654295E-03
 Hamiltonian kinetic energy K(r): -0.1941903617E-02
 Potential energy density V(r): -0.8914182085E-02
 Energy density E(r) or H(r):  0.1941903617E-02
 Laplacian of electron density:  0.5119195728E-01
 Electron localization function (ELF):  0.4464370585E-01
 Localized orbital locator (LOL):  0.1778818150E+00
 Local information entropy:  0.4967689643E-03
 Interaction region indicator (IRI):  0.1115931775E-14
 Reduced density gradient (RDG):  0.4879122314E-15
 Reduced density gradient with promolecular approximation:  0.6771598981E-01
 Sign(lambda2)*rho: -0.1405015720E-01
 Sign(lambda2)*rho with promolecular approximation: -0.2560267784E-01
 Corr. hole for alpha, ref.:   0.00000   0.00000   0.00000 : -0.9059014634E-07
 Source function, ref.:   0.00000   0.00000   0.00000 : -0.6834322470E-03
 Wavefunction value for orbital       1 : -0.6424992869E-05
 Average local ionization energy (ALIE):  0.6520123362E+00
 van der Waals potential (probe atom: C ):  0.2284631713E+06 kcal/mol
 Delta-g (under promolecular approximation):  0.4135177582E-01
 Delta-g (under Hirshfeld partition):  0.2780039427E-01
 User-defined real space function:  0.1000000000E+01
 ESP from nuclear charges:  0.3145921735E+02
 ESP from electrons: -0.3135769441E+02
 Total ESP:  0.1015229417E+00 a.u. ( 0.2762580E+01 eV, 0.6370666E+02 kcal/mol)

 Note: Below information is for electron density

 Components of gradient in x/y/z are:
 -0.8987741030E-17  0.4895442864E-17 -0.9970234374E-19
 Norm of gradient is:  0.1023497876E-16

 Components of Laplacian in x/y/z are:
  0.7517520941E-01 -0.9023780458E-02 -0.1495947167E-01
 Total:  0.5119195728E-01

 Hessian matrix:
  0.7517520941E-01  0.3997128197E-03  0.3368131450E-03
  0.3997128197E-03 -0.9023780458E-02  0.2420604041E-04
  0.3368131450E-03  0.2420604041E-04 -0.1495947167E-01
 Eigenvalues of Hessian: -0.1496081716E-01 -0.9025591839E-02  0.7517836628E-01
 Eigenvectors (columns) of Hessian:
  0.3719697947E-02  0.4762285764E-02  0.9999817421E+00
  0.3826637073E-02 -0.9999814063E+00  0.4748049971E-02
 -0.9999857602E+00 -0.3808905895E-02  0.3737852323E-02
 Determinant of Hessian:  0.1015135204E-04
 Ellipticity of electron density:    0.657600
 eta index:    0.199004
 Stiffness:    0.120056

 Stress tensor:
 -0.7358205031E-03  0.1490172978E-04  0.1463267179E-04
  0.1490172978E-04 -0.3853762805E-02  0.1848647197E-05
  0.1463267179E-04  0.1848647197E-05 -0.4324598778E-02
 Eigenvalues of stress tensor: -0.4324665228E-02 -0.3853827304E-02 -0.7356895532E-03
 Eigenvectors (columns) of stress tensor:
 -0.4061435460E-02  0.4796888020E-02  0.9999802471E+00
 -0.3797169266E-02 -0.9999813593E+00  0.4781471093E-02
  0.9999845430E+00 -0.3777674625E-02  0.4079574348E-02
 Stress tensor stiffness:    5.878383
 Stress tensor polarizability:    0.170115

 ----------------   CP     4,     Type (3,-1)   ----------------
 Connected atoms:    44(H   --    13(C 
 Position (Bohr):        2.204264171395   -5.758557994403   -0.373216348809
 Position (Angstrom):    1.166446366312   -3.047297658302   -0.197497586526
 Density of all electrons:  0.2880454441E+00
 Density of Alpha electrons:  0.1440227220E+00
 Density of Beta electrons:  0.1440227220E+00
 Spin density of electrons:  0.0000000000E+00
 Lagrangian kinetic energy G(r):  0.3855508927E-01
 G(r) in X,Y,Z:  0.1435657653E-01  0.5939306620E-02  0.1825920612E-01
 Hamiltonian kinetic energy K(r):  0.2968066402E+00
 Potential energy density V(r): -0.3353617295E+00
 Energy density E(r) or H(r): -0.2968066402E+00
 Laplacian of electron density: -0.1033006204E+01
 Electron localization function (ELF):  0.9886991194E+00
 Localized orbital locator (LOL):  0.9034372885E+00
 Local information entropy:  0.7077098201E-02
 Interaction region indicator (IRI):  0.4484159774E-14
 Reduced density gradient (RDG):  0.1000000000E+03
 Reduced density gradient with promolecular approximation:  0.1000000000E+03
 Sign(lambda2)*rho: -0.2880454441E+00
 Sign(lambda2)*rho with promolecular approximation: -0.1816280467E+00
 Corr. hole for alpha, ref.:   0.00000   0.00000   0.00000 : -0.9860338155E-04
 Source function, ref.:   0.00000   0.00000   0.00000 :  0.1330743107E-01
 Wavefunction value for orbital       1 : -0.4480866838E-06
 Average local ionization energy (ALIE):  0.6421304979E+00
 van der Waals potential (probe atom: C ):  0.1127876837E+11 kcal/mol
 Delta-g (under promolecular approximation):  0.3011616600E+00
 Delta-g (under Hirshfeld partition):  0.5342474311E+00
 User-defined real space function:  0.1000000000E+01
 ESP from nuclear charges:  0.3453228781E+02
 ESP from electrons: -0.3365220284E+02
 Total ESP:  0.8800849630E+00 a.u. ( 0.2394833E+02 eV, 0.5522621E+03 kcal/mol)

 Note: Below information is for electron density

 Components of gradient in x/y/z are:
 -0.6300315692E-15 -0.9505224758E-15  0.1627782882E-16
 Norm of gradient is:  0.1140481356E-14

 Components of Laplacian in x/y/z are:
 -0.5143366804E+00  0.2503633772E+00 -0.7690329007E+00
 Total: -0.1033006204E+01

 Hessian matrix:
 -0.5143366804E+00  0.5230197535E+00 -0.5416828389E-03
  0.5230197535E+00  0.2503633772E+00 -0.8871861118E-03
 -0.5416828389E-03 -0.8871861118E-03 -0.7690329007E+00
 Eigenvalues of Hessian: -0.7798616394E+00 -0.7690331247E+00  0.5158885602E+00
 Eigenvectors (columns) of Hessian:
  0.8916503275E+00 -0.6337326353E-02 -0.4526803859E+00
 -0.4526623391E+00  0.4121759903E-02 -0.8916724835E+00
  0.7516659391E-02  0.9999714243E+00  0.8064995968E-03
 Determinant of Hessian:  0.3093987128E+00
 Ellipticity of electron density:    0.014081
 eta index:    1.511686
 Stiffness:    1.490696

 Stress tensor:
 -0.1572973232E+00  0.1414091328E+00 -0.1210510063E-03
  0.1414091328E+00  0.5071223105E-01 -0.2913686127E-03
 -0.1210510063E-03 -0.2913686127E-03 -0.2287766374E+00
 Eigenvalues of stress tensor: -0.2288392574E+00 -0.2287680573E+00  0.1222455852E+00
 Eigenvectors (columns) of stress tensor:
  0.8348056355E+00  0.3151916550E+00  0.4513909299E+00
 -0.4226482090E+00 -0.1585025755E+00  0.8923258513E+00
 -0.3528002868E+00  0.9356982175E+00 -0.8963451640E-03
 Stress tensor stiffness:    1.871963
 Stress tensor polarizability:    0.534198

 ----------------   CP     5,     Type (3,+1)   ----------------
 Position (Bohr):        0.016293111859   -5.223202134148   -0.378545563670
 Position (Angstrom):    0.008621943490   -2.763999537331   -0.200317685583
 Density of all electrons:  0.1313649005E-01
 Density of Alpha electrons:  0.6568245026E-02
 Density of Beta electrons:  0.6568245026E-02
 Spin density of electrons:  0.0000000000E+00
 Lagrangian kinetic energy G(r):  0.1321523600E-01
 G(r) in X,Y,Z:  0.8951060431E-02  0.3472395298E-02  0.7917802674E-03
 Hamiltonian kinetic energy K(r): -0.2350338769E-02
 Potential energy density V(r): -0.1086489723E-01
 Energy density E(r) or H(r):  0.2350338769E-02
 Laplacian of electron density:  0.6226229906E-01
 Electron localization function (ELF):  0.2459129575E-01
 Localized orbital locator (LOL):  0.1371133251E+00
 Local information entropy:  0.4676192152E-03
 Interaction region indicator (IRI):  0.4964863184E-15
 Reduced density gradient (RDG):  0.2205083857E-15
 Reduced density gradient with promolecular approximation:  0.1496814889E+00
 Sign(lambda2)*rho:  0.1313649005E-01
 Sign(lambda2)*rho with promolecular approximation:  0.2881531824E-01
 Corr. hole for alpha, ref.:   0.00000   0.00000   0.00000 : -0.1657298197E-04
 Source function, ref.:   0.00000   0.00000   0.00000 : -0.9461037898E-03
 Wavefunction value for orbital       1 : -0.1013883939E-04
 Average local ionization energy (ALIE):  0.7228556559E+00
 van der Waals potential (probe atom: C ):  0.5968988717E+05 kcal/mol
 Delta-g (under promolecular approximation):  0.3926865567E-01
 Delta-g (under Hirshfeld partition):  0.2591131596E-01
 User-defined real space function:  0.1000000000E+01
 ESP from nuclear charges:  0.3330563149E+02
 ESP from electrons: -0.3321034423E+02
 Total ESP:  0.9528725959E-01 a.u. ( 0.2592898E+01 eV, 0.5979371E+02 kcal/mol)

 Note: Below information is for electron density

 Components of gradient in x/y/z are:
  0.3944937827E-17  0.1497245078E-17 -0.2826771678E-18
 Norm of gradient is:  0.4228969575E-17

 Components of Laplacian in x/y/z are:
  0.6188360481E-01  0.1156907535E-01 -0.1119038110E-01
 Total:  0.6226229906E-01

 Hessian matrix:
  0.6188360481E-01  0.2433954302E-03  0.1566499239E-03
  0.2433954302E-03  0.1156907535E-01  0.8665502757E-04
  0.1566499239E-03  0.8665502757E-04 -0.1119038110E-01
 Eigenvalues of Hessian: -0.1119104288E-01  0.1156822214E-01  0.6188511980E-01
 Eigenvectors (columns) of Hessian:
 -0.2131071759E-02 -0.4849054870E-02 -0.9999859725E+00
 -0.3784493396E-02  0.9999811211E+00 -0.4840966205E-02
  0.9999905680E+00  0.3774123863E-02 -0.2149382743E-02
 Determinant of Hessian: -0.8011676694E-05
 Ellipticity of electron density:   -1.967395
 eta index:    0.180836
 Stiffness:    0.186931

 Stress tensor:
 -0.2431219659E-02  0.7734376839E-05  0.2897380140E-05
  0.7734376839E-05 -0.4052521759E-02  0.1257937880E-05
  0.2897380140E-05  0.1257937880E-05 -0.4381155809E-02
 Eigenvalues of stress tensor: -0.4381164842E-02 -0.4052553944E-02 -0.2431178440E-02
 Eigenvectors (columns) of stress tensor:
 -0.1470820565E-02  0.4777054672E-02  0.9999875081E+00
 -0.3793025487E-02 -0.9999814230E+00  0.4771446673E-02
  0.9999917248E+00 -0.3785960163E-02  0.1488912732E-02
 Stress tensor stiffness:    1.802075
 Stress tensor polarizability:    0.554916

 ----------------   CP     6,     Type (3,-1)   ----------------
 Connected atoms:    29(O   --    53(H 
 Position (Bohr):      -12.795595889374   -3.336834264362    0.907866496974
 Position (Angstrom):   -6.771137744581   -1.765776649261    0.480422260741
 Density of all electrons:  0.1264816013E-01
 Density of Alpha electrons:  0.6324080067E-02
 Density of Beta electrons:  0.6324080067E-02
 Spin density of electrons:  0.0000000000E+00
 Lagrangian kinetic energy G(r):  0.1081775434E-01
 G(r) in X,Y,Z:  0.5884649661E-02  0.2069666847E-02  0.2863437832E-02
 Hamiltonian kinetic energy K(r): -0.2124079226E-02
 Potential energy density V(r): -0.8693675113E-02
 Energy density E(r) or H(r):  0.2124079226E-02
 Laplacian of electron density:  0.5176733426E-01
 Electron localization function (ELF):  0.3208643613E-01
 Localized orbital locator (LOL):  0.1541480656E+00
 Local information entropy:  0.4519473609E-03
 Interaction region indicator (IRI):  0.1099284790E-13
 Reduced density gradient (RDG):  0.4925687328E-14
 Reduced density gradient with promolecular approximation:  0.3219683503E+00
 Sign(lambda2)*rho: -0.1264816013E-01
 Sign(lambda2)*rho with promolecular approximation:  0.1827344159E-01
 Corr. hole for alpha, ref.:   0.00000   0.00000   0.00000 : -0.1946714808E-06
 Source function, ref.:   0.00000   0.00000   0.00000 : -0.3107974245E-03
 Wavefunction value for orbital       1 :  0.6468221472E-06
 Average local ionization energy (ALIE):  0.5637945684E+00
 van der Waals potential (probe atom: C ):  0.7090261516E+05 kcal/mol
 Delta-g (under promolecular approximation):  0.3059625625E-01
 Delta-g (under Hirshfeld partition):  0.2590630083E-01
 User-defined real space function:  0.1000000000E+01
 ESP from nuclear charges:  0.3097150970E+02
 ESP from electrons: -0.3097721579E+02
 Total ESP: -0.5706095874E-02 a.u. (-0.1552708E+00 eV,-0.3580632E+01 kcal/mol)

 Note: Below information is for electron density

 Components of gradient in x/y/z are:
 -0.6439237021E-16  0.4706210509E-16  0.4129403101E-16
 Norm of gradient is:  0.8981322884E-16

 Components of Laplacian in x/y/z are:
  0.3885046152E-01  0.3313768679E-02  0.9603104060E-02
 Total:  0.5176733426E-01

 Hessian matrix:
  0.3885046152E-01 -0.2179448882E-01 -0.3230732958E-01
 -0.2179448882E-01  0.3313768679E-02  0.1241242513E-01
 -0.3230732958E-01  0.1241242513E-01  0.9603104060E-02
 Eigenvalues of Hessian: -0.1155158047E-01 -0.5891446137E-02  0.6921036087E-01
 Eigenvectors (columns) of Hessian:
 -0.5923660239E+00  0.1640323646E+00 -0.7887939383E+00
 -0.2217381341E+00  0.9080510965E+00  0.3553525095E+00
 -0.7745545130E+00 -0.3854044492E+00  0.5015263871E+00
 Determinant of Hessian:  0.4710146694E-05
 Ellipticity of electron density:    0.960738
 eta index:    0.166905
 Stiffness:    0.085124

 Stress tensor:
 -0.2056683941E-02 -0.7004702250E-03 -0.1147244146E-02
 -0.7004702250E-03 -0.3310891523E-02  0.4323884627E-03
 -0.1147244146E-02  0.4323884627E-03 -0.3326099649E-02
 Eigenvalues of stress tensor: -0.4003150246E-02 -0.3613478035E-02 -0.1077046831E-02
 Eigenvectors (columns) of stress tensor:
  0.4970789647E+00  0.3180864461E+00  0.8073001397E+00
 -0.3846527615E-01  0.9375483728E+00 -0.3457216673E+00
  0.8668523088E+00 -0.1407979457E+00 -0.4782708575E+00
 Stress tensor stiffness:    3.716784
 Stress tensor polarizability:    0.269050

 ----------------   CP     7,     Type (3,-1)   ----------------
 Connected atoms:    15(C   --    14(C 
 Position (Bohr):       -4.091280579015   -4.605495926256   -0.373784255735
 Position (Angstrom):   -2.165012445825   -2.437123489081   -0.197798109929
 Density of all electrons:  0.3192090082E+00
 Density of Alpha electrons:  0.1596045041E+00
 Density of Beta electrons:  0.1596045041E+00
 Spin density of electrons:  0.0000000000E+00
 Lagrangian kinetic energy G(r):  0.1023511901E+00
 G(r) in X,Y,Z:  0.4955287166E-02  0.3791862956E-01  0.5947727339E-01
 Hamiltonian kinetic energy K(r):  0.3435612200E+00
 Potential energy density V(r): -0.4459124101E+00
 Energy density E(r) or H(r): -0.3435612200E+00
 Laplacian of electron density: -0.9648401194E+00
 Electron localization function (ELF):  0.9459159865E+00
 Localized orbital locator (LOL):  0.8070423256E+00
 Local information entropy:  0.7725654649E-02
 Interaction region indicator (IRI):  0.6849720121E-15
 Reduced density gradient (RDG):  0.1000000000E+03
 Reduced density gradient with promolecular approximation:  0.1000000000E+03
 Sign(lambda2)*rho: -0.3192090082E+00
 Sign(lambda2)*rho with promolecular approximation: -0.2193715972E+00
 Corr. hole for alpha, ref.:   0.00000   0.00000   0.00000 : -0.7139862724E-04
 Source function, ref.:   0.00000   0.00000   0.00000 :  0.1244074432E-01
 Wavefunction value for orbital       1 : -0.2261195917E-05
 Average local ionization energy (ALIE):  0.7158077820E+00
 van der Waals potential (probe atom: C ):  0.1727798920E+09 kcal/mol
 Delta-g (under promolecular approximation):  0.4340239906E+00
 Delta-g (under Hirshfeld partition):  0.5750914442E+00
 User-defined real space function:  0.1000000000E+01
 ESP from nuclear charges:  0.3828750623E+02
 ESP from electrons: -0.3738477674E+02
 Total ESP:  0.9027294924E+00 a.u. ( 0.2456452E+02 eV, 0.5664718E+03 kcal/mol)

 Note: Below information is for electron density

 Components of gradient in x/y/z are:
  0.4987823170E-16  0.1885691602E-15  0.7141718528E-19
 Norm of gradient is:  0.1950542778E-15

 Components of Laplacian in x/y/z are:
  0.3129500148E+00 -0.6886163887E+00 -0.5891737455E+00
 Total: -0.9648401194E+00

 Hessian matrix:
  0.3129500148E+00 -0.1074465799E-02 -0.3106615567E-02
 -0.1074465799E-02 -0.6886163887E+00 -0.9454357733E-03
 -0.3106615567E-02 -0.9454357733E-03 -0.5891737455E+00
 Eigenvalues of Hessian: -0.6886265934E+00 -0.5891753845E+00  0.3129618585E+00
 Eigenvectors (columns) of Hessian:
  0.1102316578E-02  0.3432118161E-02  0.9999935027E+00
  0.9999538821E+00 -0.9544099494E-02 -0.1069516213E-02
  0.9540366777E-02  0.9999485640E+00 -0.3442480498E-02
 Determinant of Hessian:  0.1269754605E+00
 Ellipticity of electron density:    0.168797
 eta index:    2.200353
 Stiffness:    1.882579

 Stress tensor:
  0.6832692938E-01  0.1481986436E-03 -0.1120008128E-02
  0.1481986436E-03 -0.2479913563E+00  0.1814975097E-03
 -0.1120008128E-02  0.1814975097E-03 -0.2662479832E+00
 Eigenvalues of stress tensor: -0.2662535461E+00 -0.2479896115E+00  0.6833074749E-01
 Eigenvectors (columns) of stress tensor:
 -0.3351728862E-02 -0.4332008979E-03  0.9999942891E+00
  0.9965080989E-02  0.9999502385E+00  0.4665822553E-03
 -0.9999447300E+00  0.9966587936E-02 -0.3347245193E-02
 Stress tensor stiffness:    3.896541
 Stress tensor polarizability:    0.256638

 ----------------   CP     8,     Type (3,-1)   ----------------
 Connected atoms:    43(H   --    12(C 
 Position (Bohr):        6.130039687687   -5.701647870200   -0.383004262819
 Position (Angstrom):    3.243877304655   -3.017182117503   -0.202677127563
 Density of all electrons:  0.2891126714E+00
 Density of Alpha electrons:  0.1445563357E+00
 Density of Beta electrons:  0.1445563357E+00
 Spin density of electrons:  0.0000000000E+00
 Lagrangian kinetic energy G(r):  0.3360876509E-01
 G(r) in X,Y,Z:  0.1201785724E-01  0.6505685424E-02  0.1508522242E-01
 Hamiltonian kinetic energy K(r):  0.2968666877E+00
 Potential energy density V(r): -0.3304754528E+00
 Energy density E(r) or H(r): -0.2968666877E+00
 Laplacian of electron density: -0.1053031690E+01
 Electron localization function (ELF):  0.9914933405E+00
 Localized orbital locator (LOL):  0.9152490260E+00
 Local information entropy:  0.7099500738E-02
 Interaction region indicator (IRI):  0.1151276768E-14
 Reduced density gradient (RDG):  0.1000000000E+03
 Reduced density gradient with promolecular approximation:  0.1000000000E+03
 Sign(lambda2)*rho: -0.2891126714E+00
 Sign(lambda2)*rho with promolecular approximation: -0.1795229918E+00
 Corr. hole for alpha, ref.:   0.00000   0.00000   0.00000 : -0.5689632196E-04
 Source function, ref.:   0.00000   0.00000   0.00000 :  0.9999110729E-02
 Wavefunction value for orbital       1 :  0.7168836629E-05
 Average local ionization energy (ALIE):  0.6313262538E+00
 van der Waals potential (probe atom: C ):  0.1576451308E+11 kcal/mol
 Delta-g (under promolecular approximation):  0.3132118770E+00
 Delta-g (under Hirshfeld partition):  0.5468719438E+00
 User-defined real space function:  0.1000000000E+01
 ESP from nuclear charges:  0.3380465820E+02
 ESP from electrons: -0.3293426006E+02
 Total ESP:  0.8703981371E+00 a.u. ( 0.2368474E+02 eV, 0.5461835E+03 kcal/mol)

 Note: Below information is for electron density

 Components of gradient in x/y/z are:
  0.1101302680E-15 -0.2725967543E-15 -0.9063747864E-18
 Norm of gradient is:  0.2940042310E-15

 Components of Laplacian in x/y/z are:
 -0.4286095859E+00  0.1692669875E+00 -0.7936890919E+00
 Total: -0.1053031690E+01

 Hessian matrix:
 -0.4286095859E+00 -0.5985567283E+00  0.2665220114E-04
 -0.5985567283E+00  0.1692669875E+00 -0.1953515726E-04
  0.2665220114E-04 -0.1953515726E-04 -0.7936890919E+00
 Eigenvalues of Hessian: -0.7987260780E+00 -0.7936890621E+00  0.5393834498E+00
 Eigenvectors (columns) of Hessian:
  0.8505287336E+00  0.2080811553E-02 -0.5259244657E+00
  0.5259228255E+00  0.1313682856E-02  0.8505312786E+00
 -0.2460693264E-02  0.9999969722E+00 -0.2297872469E-04
 Determinant of Hessian:  0.3419368260E+00
 Ellipticity of electron density:    0.006346
 eta index:    1.480813
 Stiffness:    1.471475

 Stress tensor:
 -0.1311881110E+00 -0.1607955417E+00  0.6397302540E-05
 -0.1607955417E+00  0.2930537602E-01 -0.1044582621E-05
  0.6397302540E-05 -0.1044582621E-05 -0.2285927178E+00
 Eigenvalues of stress tensor: -0.2306487692E+00 -0.2285927062E+00  0.1287660227E+00
 Eigenvectors (columns) of stress tensor:
 -0.8504507651E+00 -0.2016859981E-02 -0.5260507849E+00
 -0.5260492724E+00 -0.1261531959E-02  0.8504531566E+00
  0.2378874815E-02 -0.9999971704E+00 -0.1190309380E-04
 Stress tensor stiffness:    1.791224
 Stress tensor polarizability:    0.558278

 ----------------   CP     9,     Type (3,-1)   ----------------
 Connected atoms:    53(H   --    34(C 
 Position (Bohr):      -14.527030447656   -2.557602479773    2.084125559585
 Position (Angstrom):   -7.687373454994   -1.353424946845    1.102871750793
 Density of all electrons:  0.2815832679E+00
 Density of Alpha electrons:  0.1407916340E+00
 Density of Beta electrons:  0.1407916340E+00
 Spin density of electrons:  0.0000000000E+00
 Lagrangian kinetic energy G(r):  0.4013977772E-01
 G(r) in X,Y,Z:  0.1852082292E-01  0.4139869189E-02  0.1747908561E-01
 Hamiltonian kinetic energy K(r):  0.2844876198E+00
 Potential energy density V(r): -0.3246273975E+00
 Energy density E(r) or H(r): -0.2844876198E+00
 Laplacian of electron density: -0.9773913682E+00
 Electron localization function (ELF):  0.9868141439E+00
 Localized orbital locator (LOL):  0.8964063309E+00
 Local information entropy:  0.6941144892E-02
 Interaction region indicator (IRI):  0.1784446796E-14
 Reduced density gradient (RDG):  0.1000000000E+03
 Reduced density gradient with promolecular approximation:  0.1000000000E+03
 Sign(lambda2)*rho: -0.2815832679E+00
 Sign(lambda2)*rho with promolecular approximation: -0.1790736802E+00
 Corr. hole for alpha, ref.:   0.00000   0.00000   0.00000 : -0.1383364464E-06
 Source function, ref.:   0.00000   0.00000   0.00000 :  0.5221086395E-02
 Wavefunction value for orbital       1 : -0.4096758729E-06
 Average local ionization energy (ALIE):  0.5806818777E+00
 van der Waals potential (probe atom: C ):  0.9308521962E+10 kcal/mol
 Delta-g (under promolecular approximation):  0.2948323238E+00
 Delta-g (under Hirshfeld partition):  0.5220605385E+00
 User-defined real space function:  0.1000000000E+01
 ESP from nuclear charges:  0.3092366825E+02
 ESP from electrons: -0.3012200601E+02
 Total ESP:  0.8016622389E+00 a.u. ( 0.2181434E+02 eV, 0.5030511E+03 kcal/mol)

 Note: Below information is for electron density

 Components of gradient in x/y/z are:
 -0.4415207488E-15  0.1059666328E-16 -0.2992966522E-16
 Norm of gradient is:  0.4426608699E-15

 Components of Laplacian in x/y/z are:
 -0.7233241163E+00  0.4906358342E+00 -0.7447030861E+00
 Total: -0.9773913682E+00

 Hessian matrix:
 -0.7233241163E+00 -0.1336324504E+00 -0.2642005317E-02
 -0.1336324504E+00  0.4906358342E+00  0.2709255857E-01
 -0.2642005317E-02  0.2709255857E-01 -0.7447030861E+00
 Eigenvalues of Hessian: -0.7453079231E+00 -0.7378479464E+00  0.5057645013E+00
 Eigenvectors (columns) of Hessian:
 -0.3808575960E-01  0.9934092967E+00 -0.1081084831E+00
 -0.2601511538E-01  0.1071646013E+00  0.9939008814E+00
  0.9989357781E+00  0.4066592470E-01  0.2176221223E-01
 Determinant of Hessian:  0.2781319974E+00
 Ellipticity of electron density:    0.010110
 eta index:    1.473626
 Stiffness:    1.458877

 Stress tensor:
 -0.2178726749E+00 -0.3669492768E-01 -0.8780812323E-03
 -0.3669492768E-01  0.1143792202E+00  0.7564113618E-02
 -0.8780812323E-03  0.7564113618E-02 -0.2211339428E+00
 Eigenvalues of stress tensor: -0.2218818523E+00 -0.2212999015E+00  0.1185543564E+00
 Eigenvectors (columns) of stress tensor:
 -0.9902611954E+00 -0.8728802860E-01 -0.1084599689E+00
 -0.1060340793E+00 -0.3197811875E-01  0.9938481644E+00
 -0.9021939277E-01  0.9956697243E+00  0.2241118436E-01
 Stress tensor stiffness:    1.871562
 Stress tensor polarizability:    0.534313

 ----------------   CP    10,     Type (3,+1)   ----------------
 Position (Bohr):      -12.667439951236   -2.786266402356    0.617772864731
 Position (Angstrom):   -6.703320542676   -1.474428683632    0.326911321530
 Density of all electrons:  0.1222151468E-01
 Density of Alpha electrons:  0.6110757338E-02
 Density of Beta electrons:  0.6110757338E-02
 Spin density of electrons:  0.0000000000E+00
 Lagrangian kinetic energy G(r):  0.1184724749E-01
 G(r) in X,Y,Z:  0.5233228803E-02  0.4102641155E-02  0.2511377529E-02
 Hamiltonian kinetic energy K(r): -0.2286213056E-02
 Potential energy density V(r): -0.9561034431E-02
 Energy density E(r) or H(r):  0.2286213056E-02
 Laplacian of electron density:  0.5653384218E-01
 Electron localization function (ELF):  0.2406254207E-01
 Localized orbital locator (LOL):  0.1358109920E+00
 Local information entropy:  0.4382000947E-03
 Interaction region indicator (IRI):  0.4274724070E-14
 Reduced density gradient (RDG):  0.1930820568E-14
 Reduced density gradient with promolecular approximation:  0.2952480131E+00
 Sign(lambda2)*rho:  0.1222151468E-01
 Sign(lambda2)*rho with promolecular approximation:  0.2146370921E-01
 Corr. hole for alpha, ref.:   0.00000   0.00000   0.00000 : -0.1990603544E-06
 Source function, ref.:   0.00000   0.00000   0.00000 : -0.3464641595E-03
 Wavefunction value for orbital       1 :  0.1074596867E-05
 Average local ionization energy (ALIE):  0.6082927370E+00
 van der Waals potential (probe atom: C ):  0.2638563807E+05 kcal/mol
 Delta-g (under promolecular approximation):  0.3227243859E-01
 Delta-g (under Hirshfeld partition):  0.2503471682E-01
 User-defined real space function:  0.1000000000E+01
 ESP from nuclear charges:  0.3243705602E+02
 ESP from electrons: -0.3242201503E+02
 Total ESP:  0.1504099067E-01 a.u. ( 0.4092862E+00 eV, 0.9438372E+01 kcal/mol)

 Note: Below information is for electron density

 Components of gradient in x/y/z are:
  0.2433600269E-16 -0.1797146918E-16 -0.1469217009E-16
 Norm of gradient is:  0.3363145244E-16

 Components of Laplacian in x/y/z are:
  0.3099131109E-01  0.2015481076E-01  0.5387720335E-02
 Total:  0.5653384218E-01

 Hessian matrix:
  0.3099131109E-01 -0.2356572170E-01 -0.2222875699E-01
 -0.2356572170E-01  0.2015481076E-01  0.7676897974E-02
 -0.2222875699E-01  0.7676897974E-02  0.5387720335E-02
 Eigenvalues of Hessian: -0.8937758239E-02  0.6379132975E-02  0.5909246744E-01
 Eigenvectors (columns) of Hessian:
  0.5860062294E+00 -0.2998466852E+00  0.7527872638E+00
  0.2733957312E+00 -0.8013764091E+00 -0.5320250230E+00
  0.7627918939E+00  0.5175788021E+00 -0.3876347641E+00
 Determinant of Hessian: -0.3369165795E-05
 Ellipticity of electron density:   -2.401093
 eta index:    0.151250
 Stiffness:    0.107952

 Stress tensor:
 -0.2718629835E-02 -0.8714398861E-03 -0.6214507001E-03
 -0.8714398861E-03 -0.3166579622E-02  0.3520671445E-03
 -0.6214507001E-03  0.3520671445E-03 -0.3675824974E-02
 Eigenvalues of stress tensor: -0.3998656742E-02 -0.3783612121E-02 -0.1778765569E-02
 Eigenvectors (columns) of stress tensor:
  0.5505016003E+00  0.3650178317E+00  0.7508062137E+00
  0.2379643918E+00  0.7934283578E+00 -0.5602181622E+00
  0.8002005600E+00 -0.4870661388E+00 -0.3499223344E+00
 Stress tensor stiffness:    2.247995
 Stress tensor polarizability:    0.444841

 ----------------   CP    11,     Type (3,-1)   ----------------
 Connected atoms:    29(O   --    52(H 
 Position (Bohr):      -12.804716790454   -3.312700454523   -1.565355678872
 Position (Angstrom):   -6.775964317575   -1.753005587082   -0.828350552217
 Density of all electrons:  0.1262139122E-01
 Density of Alpha electrons:  0.6310695608E-02
 Density of Beta electrons:  0.6310695608E-02
 Spin density of electrons:  0.0000000000E+00
 Lagrangian kinetic energy G(r):  0.1079952887E-01
 G(r) in X,Y,Z:  0.5917613225E-02  0.2120219037E-02  0.2761696605E-02
 Hamiltonian kinetic energy K(r): -0.2122103156E-02
 Potential energy density V(r): -0.8677425711E-02
 Energy density E(r) or H(r):  0.2122103156E-02
 Laplacian of electron density:  0.5168652809E-01
 Electron localization function (ELF):  0.3197194214E-01
 Localized orbital locator (LOL):  0.1539076661E+00
 Local information entropy:  0.4510863490E-03
 Interaction region indicator (IRI):  0.4881755719E-14
 Reduced density gradient (RDG):  0.2188504084E-14
 Reduced density gradient with promolecular approximation:  0.3220663620E+00
 Sign(lambda2)*rho: -0.1262139122E-01
 Sign(lambda2)*rho with promolecular approximation:  0.1825946242E-01
 Corr. hole for alpha, ref.:   0.00000   0.00000   0.00000 : -0.4132770752E-06
 Source function, ref.:   0.00000   0.00000   0.00000 : -0.3088225000E-03
 Wavefunction value for orbital       1 :  0.1437581950E-05
 Average local ionization energy (ALIE):  0.5639858023E+00
 van der Waals potential (probe atom: C ):  0.6964878435E+05 kcal/mol
 Delta-g (under promolecular approximation):  0.3054518295E-01
 Delta-g (under Hirshfeld partition):  0.2585020929E-01
 User-defined real space function:  0.1000000000E+01
 ESP from nuclear charges:  0.3097915445E+02
 ESP from electrons: -0.3098487039E+02
 Total ESP: -0.5715943097E-02 a.u. (-0.1555387E+00 eV,-0.3586811E+01 kcal/mol)

 Note: Below information is for electron density

 Components of gradient in x/y/z are:
 -0.3360331186E-16  0.1519945270E-16 -0.1493935761E-16
 Norm of gradient is:  0.3979183756E-16

 Components of Laplacian in x/y/z are:
  0.3918082636E-01  0.3822329894E-02  0.8683371834E-02
 Total:  0.5168652809E-01

 Hessian matrix:
  0.3918082636E-01 -0.2238636842E-01  0.3159118124E-01
 -0.2238636842E-01  0.3822329894E-02 -0.1230947362E-01
  0.3159118124E-01 -0.1230947362E-01  0.8683371834E-02
 Eigenvalues of Hessian: -0.1150383351E-01 -0.5805687840E-02  0.6899604944E-01
 Eigenvectors (columns) of Hessian:
 -0.5866571903E+00  0.1679460028E+00  0.7922294372E+00
 -0.2342901412E+00  0.9012285092E+00 -0.3645480817E+00
  0.7752041478E+00  0.3994763000E+00  0.4893640924E+00
 Determinant of Hessian:  0.4608085126E-05
 Ellipticity of electron density:    0.981476
 eta index:    0.166732
 Stiffness:    0.084145

 Stress tensor:
 -0.2040019860E-02 -0.7222916266E-03  0.1119259324E-02
 -0.7222916266E-03 -0.3284855600E-02 -0.4268227709E-03
  0.1119259324E-02 -0.4268227709E-03 -0.3352550252E-02
 Eigenvalues of stress tensor: -0.3994045964E-02 -0.3603706721E-02 -0.1079673025E-02
 Eigenvectors (columns) of stress tensor:
 -0.4896667012E+00  0.3219111449E+00  0.8103084206E+00
  0.2581203047E-01  0.9342936831E+00 -0.3555686330E+00
  0.8715275445E+00  0.1531944139E+00  0.4658016861E+00
 Stress tensor stiffness:    3.699311
 Stress tensor polarizability:    0.270321

 ----------------   CP    12,     Type (3,-1)   ----------------
 Connected atoms:    29(O   --    21(C 
 Position (Bohr):       -9.922135208833   -3.068568417564   -0.337569392941
 Position (Angstrom):   -5.250567836013   -1.623816476671   -0.178634029843
 Density of all electrons:  0.4153602648E+00
 Density of Alpha electrons:  0.2076801324E+00
 Density of Beta electrons:  0.2076801324E+00
 Spin density of electrons:  0.0000000000E+00
 Lagrangian kinetic energy G(r):  0.6627505879E+00
 G(r) in X,Y,Z:  0.2003354195E+00  0.2876557910E+00  0.1747593774E+00
 Hamiltonian kinetic energy K(r):  0.7545285438E+00
 Potential energy density V(r): -0.1417279132E+01
 Energy density E(r) or H(r): -0.7545285438E+00
 Laplacian of electron density: -0.3671118233E+00
 Electron localization function (ELF):  0.5008674900E+00
 Localized orbital locator (LOL):  0.5004375175E+00
 Local information entropy:  0.9662167786E-02
 Interaction region indicator (IRI):  0.7778445109E-14
 Reduced density gradient (RDG):  0.1000000000E+03
 Reduced density gradient with promolecular approximation:  0.1000000000E+03
 Sign(lambda2)*rho: -0.4153602648E+00
 Sign(lambda2)*rho with promolecular approximation: -0.3681223095E+00
 Corr. hole for alpha, ref.:   0.00000   0.00000   0.00000 : -0.5377660428E-05
 Source function, ref.:   0.00000   0.00000   0.00000 :  0.2811377691E-02
 Wavefunction value for orbital       1 :  0.5743491650E-05
 Average local ionization energy (ALIE):  0.1372495342E+01
 van der Waals potential (probe atom: C ):  0.4704511504E+11 kcal/mol
 Delta-g (under promolecular approximation):  0.4312772630E+00
 Delta-g (under Hirshfeld partition):  0.6471801612E+00
 User-defined real space function:  0.1000000000E+01
 ESP from nuclear charges:  0.4180796320E+02
 ESP from electrons: -0.3953143198E+02
 Total ESP:  0.2276531220E+01 a.u. ( 0.6194756E+02 eV, 0.1428546E+04 kcal/mol)

 Note: Below information is for electron density

 Components of gradient in x/y/z are:
  0.1204623365E-14  0.2702805035E-14 -0.4915951461E-17
 Norm of gradient is:  0.2959104032E-14

 Components of Laplacian in x/y/z are:
 -0.3987378046E+00  0.1046657065E+01 -0.1015031083E+01
 Total: -0.3671118233E+00

 Hessian matrix:
 -0.3987378046E+00  0.1260128984E+01  0.8322143470E-02
  0.1260128984E+01  0.1046657065E+01  0.1250645658E-01
  0.8322143470E-02  0.1250645658E-01 -0.1015031083E+01
 Eigenvalues of Hessian: -0.1128706494E+01 -0.1015103955E+01  0.1776698626E+01
 Eigenvectors (columns) of Hessian:
 -0.8652954710E+00  0.4409787191E-02 -0.5012427573E+00
  0.5011949643E+00 -0.8760838667E-02 -0.8652900412E+00
  0.8207051870E-02  0.9999518996E+00 -0.5370550887E-02
 Determinant of Hessian:  0.2035660316E+01
 Ellipticity of electron density:    0.111912
 eta index:    0.635283
 Stiffness:    0.571343

 Stress tensor:
 -0.5003552902E+00  0.1590011967E+00  0.9292292175E-03
  0.1590011967E+00 -0.3136473158E+00  0.1826709679E-02
  0.9292292175E-03  0.1826709679E-02 -0.6032765257E+00
 Eigenvalues of stress tensor: -0.6032883922E+00 -0.5913814283E+00 -0.2226093112E+00
 Eigenvectors (columns) of stress tensor:
 -0.4700730309E-02  0.8678372257E+00 -0.4968263809E+00
  0.8886996056E-02 -0.4967759947E+00 -0.8678332976E+00
 -0.9999494609E+00 -0.8494744373E-02 -0.5377256028E-02
