 Note: The diagonal elements are the sum of corresponding row elements
 ***************************** Bond order matrix *****************************
             1             2             3             4             5      
     1    3.74982331    1.03579341   -0.02186890    0.01217606   -0.01604577
     2    1.03579341    3.74834249    1.25643205   -0.01593820    0.01206347
     3   -0.02186890    1.25643205    3.84093395    1.25425886   -0.02099173
     4    0.01217606   -0.01593820    1.25425886    3.74695773    1.03382480
     5   -0.01604577    0.01206347   -0.02099173    1.03382480    3.74352792
     6    1.25617564   -0.02114147   -0.02949572   -0.02188474    1.25575803
     7   -0.04977549    1.44503173    0.02713428    0.01628293   -0.00160380
     8    0.00885058    0.01838345    0.03466277    0.00171485    0.00112332
     9   -0.00055828    0.05929049   -0.02916355    0.00751674    0.00560387
    10    0.00794203   -0.03124224    1.29009003   -0.03118438    0.00858331
    11    0.00762201    0.00674250   -0.02819034    0.06082306   -0.00136447
    12   -0.00037634    0.00196517    0.03552484    0.01819580    0.00925593
    13   -0.00121081    0.01619648    0.02858066    1.44456453   -0.05067263
    14    0.01617237   -0.00133389    0.01023441   -0.05019656    1.44319594
    15    0.00196429   -0.00051489   -0.00143077    0.00941551    0.01708202
    16    0.00692924    0.00601712    0.00101406   -0.00012809    0.06027384
    17   -0.03042233    0.00902457   -0.00635895    0.00613378   -0.03061228
    18    0.06012325   -0.00075037    0.00061560    0.00780817    0.00749140
    19    0.01843772    0.00850665   -0.00187550    0.00067500    0.00147620
    20    1.44463931   -0.05053434    0.01014923   -0.00118780    0.01622974
    21    0.00243717    0.00077708    0.00125360    0.00039500    0.00459439
    22    0.00203238   -0.00029612    0.00023007   -0.00006192    0.00204093
    23    0.00483528    0.00098714    0.00087020    0.00026212    0.00220793
    24    0.00093384    0.00462240    0.00392499    0.00246428    0.00022577
    25   -0.00017587    0.00194114   -0.00158183    0.00209599   -0.00027331
    26   -0.00019688    0.00312155    0.00354731    0.00493881    0.00109385
    27    0.00011981    0.00930127    0.00428040    0.00176926    0.00005206
    28    0.00036667    0.00167947    0.00374126    0.00954001    0.00009586
    29    0.00175165    0.00008884   -0.00013125    0.00021884    0.00944969
    30    0.00925284    0.00019925   -0.00014442    0.00008236    0.00163026
    31    0.00025736   -0.00009589    0.00000279   -0.00005243    0.00026337
    32   -0.00008722    0.00019269    0.00012291    0.00028962   -0.00001657
    33   -0.01575046   -0.01894332    0.00706012    0.00114767   -0.00005793
    34    0.00092244    0.00483708    0.00071386   -0.00023538   -0.00015188
    35    0.00000540   -0.00025081    0.00097677    0.00497578    0.00103132
    36   -0.00007549    0.00110673    0.00707117   -0.01920580   -0.01560880
    37    0.00112313   -0.00007633   -0.00028721   -0.01530567   -0.01963236
    38   -0.00021979   -0.00003757    0.00001223    0.00096700    0.00490901
    39    0.00485128    0.00094434    0.00022355   -0.00013970   -0.00011637
    40   -0.01912820   -0.01574814   -0.00027388   -0.00005841    0.00111952
             6             7             8             9            10      
     1    1.25617564   -0.04977549    0.00885058   -0.00055828    0.00794203
     2   -0.02114147    1.44503173    0.01838345    0.05929049   -0.03124224
     3   -0.02949572    0.02713428    0.03466277   -0.02916355    1.29009003
     4   -0.02188474    0.01628293    0.00171485    0.00751674   -0.03118438
     5    1.25575803   -0.00160380    0.00112332    0.00560387    0.00858331
     6    3.84348500    0.00908058   -0.00307269    0.00036847   -0.00330366
     7    0.00908058    3.84640447    1.29147557    0.04284758    0.01262192
     8   -0.00307269    1.29147557    3.97800297    1.50167415   -0.01021829
     9    0.00036847    0.04284758    1.50167415    3.62664882    1.24607039
    10   -0.00330366    0.01262192   -0.01021829    1.24607039    3.77662737
    11    0.00032631   -0.00021369    0.01675407   -0.00742029    1.24117514
    12   -0.00145048    0.01607335    0.00431128    0.01654943   -0.01054768
    13    0.00973089    0.00305529    0.01619563   -0.00027244    0.01226400
    14    0.02872818    0.00804771    0.00025225    0.00577698   -0.00113279
    15    0.03617524    0.00230089   -0.00052068    0.00146195    0.00128316
    16   -0.02886999    0.00528443   -0.00071808    0.01723315   -0.01509480
    17    1.28937726   -0.00133239    0.00512853   -0.01479282    0.02323341
    18   -0.02865777    0.01206102   -0.00026775    0.01405341   -0.01163625
    19    0.03531279    0.00222466    0.00259560    0.00031946    0.00257966
    20    0.02745252    0.03534643    0.00150066    0.01185261   -0.00096863
    21    0.00429919    0.00026926    0.00037023   -0.00401493    0.00417688
    22   -0.00151569    0.00045319    0.00012461    0.00098277   -0.00119116
    23    0.00420167    0.00038583   -0.00069926   -0.00139542    0.00322355
    24    0.00106946    0.00705037   -0.01010277    0.93875257    0.02146083
    25    0.00027751    0.00008936    0.01270619   -0.04886873   -0.02072415
    26    0.00098149   -0.00014763    0.00193235   -0.00140539    0.02098134
    27   -0.00012654    0.00240331    0.11122867   -0.17682091    0.00103233
    28   -0.00005786    0.00058293    0.00503194    0.00142752    0.00127646
    29    0.00390964    0.00105131   -0.00000171    0.00069585   -0.00003576
    30    0.00440167    0.00222011    0.00020776    0.00115402    0.00003281
    31    0.00008987    0.00006557   -0.00002215    0.00000820   -0.00000359
    32   -0.00006515   -0.00006470    0.00039977    0.01298586    0.00005163
    33   -0.00027128    0.97775616    0.00561337    0.00528083   -0.00015315
    34    0.00038308   -0.03208902    0.95959581    0.01879604    0.00756328
    35   -0.00009602    0.00020155    0.00021975    0.00061707    0.00775391
    36   -0.00029891    0.00014918    0.00007911   -0.00007539   -0.00015416
    37    0.00708027    0.00007880    0.00001118    0.00010644    0.00014242
    38    0.00088285    0.00002480    0.00001619   -0.00031635    0.00036734
    39    0.00070363   -0.00004662    0.00010268   -0.00008179    0.00010319
    40    0.00702671    0.01002772    0.00136403    0.00040925    0.00020906
            11            12            13            14            15      
     1    0.00762201   -0.00037634   -0.00121081    0.01617237    0.00196429
     2    0.00674250    0.00196517    0.01619648   -0.00133389   -0.00051489
     3   -0.02819034    0.03552484    0.02858066    0.01023441   -0.00143077
     4    0.06082306    0.01819580    1.44456453   -0.05019656    0.00941551
     5   -0.00136447    0.00925593   -0.05067263    1.44319594    0.01708202
     6    0.00032631   -0.00145048    0.00973089    0.02872818    0.03617524
     7   -0.00021369    0.01607335    0.00305529    0.00804771    0.00230089
     8    0.01675407    0.00431128    0.01619563    0.00025225   -0.00052068
     9   -0.00742029    0.01654943   -0.00027244    0.00577698    0.00146195
    10    1.24117514   -0.01054768    0.01226400   -0.00113279    0.00128316
    11    3.61868101    1.49886090    0.04218932    0.01237426   -0.00107799
    12    1.49886090    3.97542795    1.28809304    0.00184985    0.00257632
    13    0.04218932    1.28809304    3.84067454    0.03535342    0.00197067
    14    0.01237426    0.00184985    0.03535342    3.84132786    1.28840739
    15   -0.00107799    0.00257632    0.00197067    1.28840739    3.97808362
    16    0.01442257   -0.00028402    0.01140189    0.04217422    1.50030275
    17   -0.00888156    0.00107232    0.00024970    0.01211733   -0.01042149
    18    0.00949135    0.00195104    0.00449413   -0.00052276    0.01641594
    19    0.00063747   -0.00044906    0.00095441    0.01629173    0.00430397
    20    0.00451701    0.00158400    0.00805358    0.00286074    0.01604733
    21   -0.00057314   -0.00064789    0.00072882    0.00719887   -0.00966811
    22    0.00057635    0.00013985    0.00027148   -0.00000178    0.01273760
    23   -0.00133207   -0.00000008    0.00077314    0.00024013    0.00173375
    24   -0.00115881    0.00184299    0.00004087    0.00084586    0.00008997
    25   -0.05013683    0.01285382    0.00003729    0.00052430    0.00000990
    26    0.93979912   -0.01024497    0.00712162   -0.00022839    0.00003016
    27    0.00135181    0.00494813    0.00060020    0.00092335    0.00012699
    28   -0.17621326    0.11108469    0.00199677    0.00239358    0.00008342
    29    0.00118060    0.00021167    0.00218694    0.00251522    0.11250225
    30    0.00060436    0.00003620    0.00098905    0.00065872    0.00496227
    31    0.00000629   -0.00000864    0.00002888   -0.00004934    0.00041646
    32    0.01292294    0.00042684   -0.00011507    0.00005305   -0.00002014
    33   -0.00006100    0.00006471    0.00012863    0.00005023    0.00012525
    34    0.00055137    0.00024262    0.00013125    0.00024279   -0.00039571
    35    0.01679802    0.96285205   -0.03330624   -0.00013372    0.00017001
    36    0.00519542    0.00544878    0.97803346    0.00990386    0.00142093
    37    0.00047416    0.00131923    0.00974178    0.97819559    0.00547493
    38   -0.00013220    0.00008633   -0.00002780   -0.03295937    0.96221756
    39   -0.00000393   -0.00010552    0.00006617    0.00016931    0.00026377
    40    0.00004418    0.00012148    0.00005551    0.00013481    0.00006072
            16            17            18            19            20      
     1    0.00692924   -0.03042233    0.06012325    0.01843772    1.44463931
     2    0.00601712    0.00902457   -0.00075037    0.00850665   -0.05053434
     3    0.00101406   -0.00635895    0.00061560   -0.00187550    0.01014923
     4   -0.00012809    0.00613378    0.00780817    0.00067500   -0.00118780
     5    0.06027384   -0.03061228    0.00749140    0.00147620    0.01622974
     6   -0.02886999    1.28937726   -0.02865777    0.03531279    0.02745252
     7    0.00528443   -0.00133239    0.01206102    0.00222466    0.03534643
     8   -0.00071808    0.00512853   -0.00026775    0.00259560    0.00150066
     9    0.01723315   -0.01479282    0.01405341    0.00031946    0.01185261
    10   -0.01509480    0.02323341   -0.01163625    0.00257966   -0.00096863
    11    0.01442257   -0.00888156    0.00949135    0.00063747    0.00451701
    12   -0.00028402    0.00107232    0.00195104   -0.00044906    0.00158400
    13    0.01140189    0.00024970    0.00449413    0.00095441    0.00805358
    14    0.04217422    0.01211733   -0.00052276    0.01629173    0.00286074
    15    1.50030275   -0.01042149    0.01641594    0.00430397    0.01604733
    16    3.61306788    1.24476179   -0.00818693    0.01692735   -0.00029959
    17    1.24476179    3.78950511    1.24687681   -0.01079005    0.01292141
    18   -0.00818693    1.24687681    3.61813790    1.50033827    0.04210064
    19    0.01692735   -0.01079005    1.50033827    3.97653102    1.28865195
    20   -0.00029959    0.01292141    0.04210064    1.28865195    3.84188055
    21    0.93623293    0.02309196   -0.00171460    0.00173048    0.00008093
    22   -0.05232463   -0.01625129   -0.05236284    0.01278303   -0.00008355
    23   -0.00283508    0.02390368    0.93678750   -0.01016956    0.00721700
    24   -0.00186928    0.00200862    0.00021556   -0.00121311    0.00077588
    25    0.00099115   -0.00121886    0.00051553    0.00029916    0.00032417
    26   -0.00187235    0.00362343   -0.00168435   -0.00021911    0.00100276
    27    0.00057021    0.00004051    0.00126505    0.00017964    0.00225171
    28    0.00135657   -0.00021302    0.00064417   -0.00003715    0.00105965
    29   -0.17771763    0.00071209    0.00135173    0.00499418    0.00061571
    30    0.00129822    0.00068810   -0.17768749    0.11189341    0.00260925
    31    0.01290724    0.00005732    0.01296619    0.00037975   -0.00007442
    32    0.00002958    0.00002006    0.00003005   -0.00000592    0.00005873
    33    0.00005776    0.00022277    0.00033097    0.00142971    0.00990826
    34    0.00002808    0.00009948   -0.00015896    0.00010653   -0.00007744
    35   -0.00012969    0.00025667   -0.00018381    0.00003265   -0.00002268
    36    0.00021012    0.00027012    0.00004257    0.00004474    0.00007265
    37    0.00530765   -0.00023157   -0.00002336    0.00007239    0.00013432
    38    0.01717457    0.00771146    0.00063799    0.00022857    0.00020733
    39    0.00055729    0.00760634    0.01807760    0.96152209   -0.03299281
    40   -0.00006574   -0.00017781    0.00528921    0.00536129    0.97789630
            21            22            23            24            25      
     1    0.00243717    0.00203238    0.00483528    0.00093384   -0.00017587
     2    0.00077708   -0.00029612    0.00098714    0.00462240    0.00194114
     3    0.00125360    0.00023007    0.00087020    0.00392499   -0.00158183
     4    0.00039500   -0.00006192    0.00026212    0.00246428    0.00209599
     5    0.00459439    0.00204093    0.00220793    0.00022577   -0.00027331
     6    0.00429919   -0.00151569    0.00420167    0.00106946    0.00027751
     7    0.00026926    0.00045319    0.00038583    0.00705037    0.00008936
     8    0.00037023    0.00012461   -0.00069926   -0.01010277    0.01270619
     9   -0.00401493    0.00098277   -0.00139542    0.93875257   -0.04886873
    10    0.00417688   -0.00119116    0.00322355    0.02146083   -0.02072415
    11   -0.00057314    0.00057635   -0.00133207   -0.00115881   -0.05013683
    12   -0.00064789    0.00013985   -0.00000008    0.00184299    0.01285382
    13    0.00072882    0.00027148    0.00077314    0.00004087    0.00003729
    14    0.00719887   -0.00000178    0.00024013    0.00084586    0.00052430
    15   -0.00966811    0.01273760    0.00173375    0.00008997    0.00000990
    16    0.93623293   -0.05232463   -0.00283508   -0.00186928    0.00099115
    17    0.02309196   -0.01625129    0.02390368    0.00200862   -0.00121886
    18   -0.00171460   -0.05236284    0.93678750    0.00021556    0.00051553
    19    0.00173048    0.01278303   -0.01016956   -0.00121311    0.00029916
    20    0.00008093   -0.00008355    0.00721700    0.00077588    0.00032417
    21    4.40178741    1.17984744    0.04147676    0.00053688   -0.00037434
    22    1.17984744    3.15138363    1.17966122   -0.00033567    0.00009455
    23    0.04147676    1.17966122    4.40139299    0.00127789   -0.00029512
    24    0.00053688   -0.00033567    0.00127789    4.40119356    1.17939877
    25   -0.00037434    0.00009455   -0.00029512    1.17939877    3.15166265
    26    0.00150960   -0.00032096    0.00025748    0.04123473    1.17895048
    27    0.00005333    0.00001496    0.00011837    2.18436623   -0.00183595
    28    0.00011640    0.00001146    0.00007840    0.01314076   -0.00192877
    29    2.18489953   -0.00193472    0.01321628    0.00005878    0.00000609
    30    0.01327481   -0.00192923    2.18509940    0.00014799    0.00000732
    31    0.01225490    0.88660652    0.01222161    0.00001351   -0.00000126
    32   -0.00000413   -0.00000025   -0.00001105    0.01222575    0.88665561
    33   -0.00016434    0.00004566    0.00007281    0.00104504    0.00005009
    34    0.00016797    0.00000544    0.00003217   -0.00416589    0.00058617
    35    0.00001222    0.00001067   -0.00001431    0.00029684    0.00056469
    36    0.00006511    0.00003897   -0.00004409    0.00007991    0.00004113
    37    0.00106465    0.00003071    0.00004637   -0.00008838    0.00002235
    38   -0.00432946    0.00060300    0.00026895   -0.00000143   -0.00000357
    39    0.00028302    0.00062125   -0.00433693   -0.00000204    0.00001473
    40    0.00007895    0.00002932    0.00106933   -0.00001641    0.00002376
            26            27            28            29            30      
     1   -0.00019688    0.00011981    0.00036667    0.00175165    0.00925284
     2    0.00312155    0.00930127    0.00167947    0.00008884    0.00019925
     3    0.00354731    0.00428040    0.00374126   -0.00013125   -0.00014442
     4    0.00493881    0.00176926    0.00954001    0.00021884    0.00008236
     5    0.00109385    0.00005206    0.00009586    0.00944969    0.00163026
     6    0.00098149   -0.00012654   -0.00005786    0.00390964    0.00440167
     7   -0.00014763    0.00240331    0.00058293    0.00105131    0.00222011
     8    0.00193235    0.11122867    0.00503194   -0.00000171    0.00020776
     9   -0.00140539   -0.17682091    0.00142752    0.00069585    0.00115402
    10    0.02098134    0.00103233    0.00127646   -0.00003576    0.00003281
    11    0.93979912    0.00135181   -0.17621326    0.00118060    0.00060436
    12   -0.01024497    0.00494813    0.11108469    0.00021167    0.00003620
    13    0.00712162    0.00060020    0.00199677    0.00218694    0.00098905
    14   -0.00022839    0.00092335    0.00239358    0.00251522    0.00065872
    15    0.00003016    0.00012699    0.00008342    0.11250225    0.00496227
    16   -0.00187235    0.00057021    0.00135657   -0.17771763    0.00129822
    17    0.00362343    0.00004051   -0.00021302    0.00071209    0.00068810
    18   -0.00168435    0.00126505    0.00064417    0.00135173   -0.17768749
    19   -0.00021911    0.00017964   -0.00003715    0.00499418    0.11189341
    20    0.00100276    0.00225171    0.00105965    0.00061571    0.00260925
    21    0.00150960    0.00005333    0.00011640    2.18489953    0.01327481
    22   -0.00032096    0.00001496    0.00001146   -0.00193472   -0.00192923
    23    0.00025748    0.00011837    0.00007840    0.01321628    2.18509940
    24    0.04123473    2.18436623    0.01314076    0.00005878    0.00014799
    25    1.17895048   -0.00183595   -0.00192877    0.00000609    0.00000732
    26    4.40072677    0.01325749    2.18418533    0.00011485    0.00008210
    27    0.01325749    2.21568341    0.01174563    0.00015307    0.00025509
    28    2.18418533    0.01174563    2.21591371    0.00025527    0.00015209
    29    0.00011485    0.00015307    0.00025527    2.21577143    0.01175096
    30    0.00008210    0.00025509    0.00015209    0.01175096    2.21576987
    31    0.00000306    0.00000044   -0.00000069    0.01399435    0.01400549
    32    0.01218330    0.01402757    0.01399867    0.00000010    0.00000044
    33    0.00007131   -0.00001593    0.00000095   -0.00000484    0.00008230
    34    0.00029134    0.02799788   -0.00004407    0.00000289    0.00000026
    35   -0.00431424   -0.00005658    0.02826171    0.00000053    0.00000219
    36    0.00107170    0.00000680   -0.00002931    0.00008996    0.00000434
    37    0.00003458    0.00001152    0.00013855   -0.00002010    0.00000371
    38    0.00004895    0.00000489   -0.00000580    0.02768520   -0.00004518
    39    0.00000312    0.00000096    0.00000026   -0.00005030    0.02780240
    40   -0.00011214    0.00008037   -0.00000279    0.00000368   -0.00001535
            31            32            33            34            35      
     1    0.00025736   -0.00008722   -0.01575046    0.00092244    0.00000540
     2   -0.00009589    0.00019269   -0.01894332    0.00483708   -0.00025081
     3    0.00000279    0.00012291    0.00706012    0.00071386    0.00097677
     4   -0.00005243    0.00028962    0.00114767   -0.00023538    0.00497578
     5    0.00026337   -0.00001657   -0.00005793   -0.00015188    0.00103132
     6    0.00008987   -0.00006515   -0.00027128    0.00038308   -0.00009602
     7    0.00006557   -0.00006470    0.97775616   -0.03208902    0.00020155
     8   -0.00002215    0.00039977    0.00561337    0.95959581    0.00021975
     9    0.00000820    0.01298586    0.00528083    0.01879604    0.00061707
    10   -0.00000359    0.00005163   -0.00015315    0.00756328    0.00775391
    11    0.00000629    0.01292294   -0.00006100    0.00055137    0.01679802
    12   -0.00000864    0.00042684    0.00006471    0.00024262    0.96285205
    13    0.00002888   -0.00011507    0.00012863    0.00013125   -0.03330624
    14   -0.00004934    0.00005305    0.00005023    0.00024279   -0.00013372
    15    0.00041646   -0.00002014    0.00012525   -0.00039571    0.00017001
    16    0.01290724    0.00002958    0.00005776    0.00002808   -0.00012969
    17    0.00005732    0.00002006    0.00022277    0.00009948    0.00025667
    18    0.01296619    0.00003005    0.00033097   -0.00015896   -0.00018381
    19    0.00037975   -0.00000592    0.00142971    0.00010653    0.00003265
    20   -0.00007442    0.00005873    0.00990826   -0.00007744   -0.00002268
    21    0.01225490   -0.00000413   -0.00016434    0.00016797    0.00001222
    22    0.88660652   -0.00000025    0.00004566    0.00000544    0.00001067
    23    0.01222161   -0.00001105    0.00007281    0.00003217   -0.00001431
    24    0.00001351    0.01222575    0.00104504   -0.00416589    0.00029684
    25   -0.00000126    0.88665561    0.00005009    0.00058617    0.00056469
    26    0.00000306    0.01218330    0.00007131    0.00029134   -0.00431424
    27    0.00000044    0.01402757   -0.00001593    0.02799788   -0.00005658
    28   -0.00000069    0.01399867    0.00000095   -0.00004407    0.02826171
    29    0.01399435    0.00000010   -0.00000484    0.00000289    0.00000053
    30    0.01400549    0.00000044    0.00008230    0.00000026    0.00000219
    31    0.96646155    0.00000008    0.00000092   -0.00000333   -0.00000344
    32    0.00000008    0.96652773    0.00003205    0.00009528    0.00009927
    33    0.00000092    0.00003205    0.98620672    0.00041491    0.00000574
    34   -0.00000333    0.00009528    0.00041491    0.98655534    0.00005622
    35   -0.00000344    0.00009927    0.00000574    0.00005622    0.98703003
    36   -0.00000298   -0.00000117    0.00009006    0.00000254    0.00033387
    37    0.00002093    0.00002188    0.00000064    0.00000310    0.00001212
    38    0.00009418   -0.00000038   -0.00000029   -0.00002123    0.00000221
    39    0.00009573   -0.00000054    0.00002082    0.00000452   -0.00000605
    40    0.00001873   -0.00000371    0.01051952    0.00002386   -0.00000161
            36            37            38            39            40      
     1   -0.00007549    0.00112313   -0.00021979    0.00485128   -0.01912820
     2    0.00110673   -0.00007633   -0.00003757    0.00094434   -0.01574814
     3    0.00707117   -0.00028721    0.00001223    0.00022355   -0.00027388
     4   -0.01920580   -0.01530567    0.00096700   -0.00013970   -0.00005841
     5   -0.01560880   -0.01963236    0.00490901   -0.00011637    0.00111952
     6   -0.00029891    0.00708027    0.00088285    0.00070363    0.00702671
     7    0.00014918    0.00007880    0.00002480   -0.00004662    0.01002772
     8    0.00007911    0.00001118    0.00001619    0.00010268    0.00136403
     9   -0.00007539    0.00010644   -0.00031635   -0.00008179    0.00040925
    10   -0.00015416    0.00014242    0.00036734    0.00010319    0.00020906
    11    0.00519542    0.00047416   -0.00013220   -0.00000393    0.00004418
    12    0.00544878    0.00131923    0.00008633   -0.00010552    0.00012148
    13    0.97803346    0.00974178   -0.00002780    0.00006617    0.00005551
    14    0.00990386    0.97819559   -0.03295937    0.00016931    0.00013481
    15    0.00142093    0.00547493    0.96221756    0.00026377    0.00006072
    16    0.00021012    0.00530765    0.01717457    0.00055729   -0.00006574
    17    0.00027012   -0.00023157    0.00771146    0.00760634   -0.00017781
    18    0.00004257   -0.00002336    0.00063799    0.01807760    0.00528921
    19    0.00004474    0.00007239    0.00022857    0.96152209    0.00536129
    20    0.00007265    0.00013432    0.00020733   -0.03299281    0.97789630
    21    0.00006511    0.00106465   -0.00432946    0.00028302    0.00007895
    22    0.00003897    0.00003071    0.00060300    0.00062125    0.00002932
    23   -0.00004409    0.00004637    0.00026895   -0.00433693    0.00106933
    24    0.00007991   -0.00008838   -0.00000143   -0.00000204   -0.00001641
    25    0.00004113    0.00002235   -0.00000357    0.00001473    0.00002376
    26    0.00107170    0.00003458    0.00004895    0.00000312   -0.00011214
    27    0.00000680    0.00001152    0.00000489    0.00000096    0.00008037
    28   -0.00002931    0.00013855   -0.00000580    0.00000026   -0.00000279
    29    0.00008996   -0.00002010    0.02768520   -0.00005030    0.00000368
    30    0.00000434    0.00000371   -0.00004518    0.02780240   -0.00001535
    31   -0.00000298    0.00002093    0.00009418    0.00009573    0.00001873
    32   -0.00000117    0.00002188   -0.00000038   -0.00000054   -0.00000371
    33    0.00009006    0.00000064   -0.00000029    0.00002082    0.01051952
    34    0.00000254    0.00000310   -0.00002123    0.00000452    0.00002386
    35    0.00033387    0.00001212    0.00000221   -0.00000605   -0.00000161
    36    0.98586362    0.01046639    0.00001853    0.00000132    0.00000025
    37    0.01046639    0.98592571    0.00035684    0.00000340    0.00009069
    38    0.00001853    0.00035684    0.98649096    0.00005923    0.00000616
    39    0.00000132    0.00000340    0.00005923    0.98657161    0.00035220
    40    0.00000025    0.00009069    0.00000616    0.00035220    0.98581241
